  0.00000000E+00 -0.62179409E+01
  0.14305978E-01 -0.62168788E+01
  0.28611956E-01 -0.62137205E+01
  0.42917934E-01 -0.62085572E+01
  0.57223912E-01 -0.62015934E+01
  0.71529890E-01 -0.61932888E+01
  0.85835868E-01 -0.61847862E+01
  0.10014185E+00 -0.61791166E+01
  0.11444782E+00 -0.61820540E+01
  0.12875380E+00 -0.61957709E+01
  0.14305978E+00 -0.62163262E+01
  0.15736576E+00 -0.62406147E+01
  0.17167174E+00 -0.62672285E+01
  0.18597771E+00 -0.62954604E+01
  0.20028369E+00 -0.63248698E+01
  0.21458967E+00 -0.63551305E+01
  0.22889565E+00 -0.63859743E+01
  0.24320163E+00 -0.64171667E+01
  0.25750760E+00 -0.64484958E+01
  0.27181358E+00 -0.64797665E+01
  0.28611956E+00 -0.65107968E+01
  0.30042554E+00 -0.65414158E+01
  0.31473152E+00 -0.65714626E+01
  0.32903749E+00 -0.66007847E+01
  0.34334347E+00 -0.66292378E+01
  0.35764945E+00 -0.66566852E+01
  0.37195543E+00 -0.66829976E+01
  0.38626141E+00 -0.67080529E+01
  0.40056738E+00 -0.67317361E+01
  0.41487336E+00 -0.67539399E+01
  0.42917934E+00 -0.67745638E+01
  0.44348532E+00 -0.67935154E+01
  0.45779130E+00 -0.68107095E+01
  0.47209727E+00 -0.68260691E+01
  0.48640325E+00 -0.68395251E+01
  0.50070923E+00 -0.68510169E+01
  0.51501521E+00 -0.68604922E+01
  0.52932119E+00 -0.68679080E+01
  0.54362716E+00 -0.68732301E+01
  0.55793314E+00 -0.68764338E+01
  0.57214785E+00 -0.68775043E+01
  0.58636256E+00 -0.68770799E+01
  0.60057727E+00 -0.68758059E+01
  0.61479197E+00 -0.68736884E+01
  0.62900668E+00 -0.68707383E+01
  0.64322139E+00 -0.68669715E+01
  0.65743610E+00 -0.68624095E+01
  0.67165080E+00 -0.68570801E+01
  0.68586551E+00 -0.68510182E+01
  0.70008022E+00 -0.68442673E+01
  0.71429493E+00 -0.68368808E+01
  0.72850964E+00 -0.68289248E+01
  0.74272434E+00 -0.68204808E+01
  0.75693905E+00 -0.68116500E+01
  0.77115376E+00 -0.68025597E+01
  0.78536847E+00 -0.67933709E+01
  0.79958318E+00 -0.67842899E+01
  0.81379788E+00 -0.67755831E+01
  0.82801259E+00 -0.67675981E+01
  0.84222730E+00 -0.67607904E+01
  0.85644201E+00 -0.67557559E+01
  0.87065671E+00 -0.67532641E+01
  0.88487142E+00 -0.67542767E+01
  0.89908613E+00 -0.67599183E+01
  0.91330084E+00 -0.67713532E+01
  0.92751555E+00 -0.67895371E+01
  0.94173025E+00 -0.68149080E+01
  0.95594496E+00 -0.68471883E+01
  0.97015967E+00 -0.68854487E+01
  0.98437438E+00 -0.69283885E+01
  0.99858908E+00 -0.69746427E+01
  0.10128038E+01 -0.70229808E+01
  0.10270185E+01 -0.70723820E+01
  0.10412332E+01 -0.71220337E+01
  0.10554479E+01 -0.71712991E+01
  0.10696626E+01 -0.72196792E+01
  0.10838773E+01 -0.72667790E+01
  0.10980920E+01 -0.73122814E+01
  0.11123067E+01 -0.73559279E+01
  0.11265215E+01 -0.73975044E+01
  0.11407362E+01 -0.74368307E+01
  0.11549509E+01 -0.74737536E+01
  0.11691656E+01 -0.75081414E+01
  0.11833803E+01 -0.75398802E+01
  0.11975950E+01 -0.75688711E+01
  0.12118097E+01 -0.75950277E+01
  0.12260244E+01 -0.76182754E+01
  0.12402391E+01 -0.76385497E+01
  0.12544538E+01 -0.76557955E+01
  0.12686685E+01 -0.76699669E+01
  0.12828832E+01 -0.76810267E+01
  0.12970979E+01 -0.76889462E+01
  0.13113127E+01 -0.76937053E+01
  0.13256186E+01 -0.76952918E+01
  0.13399246E+01 -0.76942195E+01
  0.13542306E+01 -0.76909875E+01
  0.13685366E+01 -0.76856038E+01
  0.13828425E+01 -0.76780831E+01
  0.13971485E+01 -0.76684460E+01
  0.14114545E+01 -0.76567189E+01
  0.14257605E+01 -0.76429341E+01
  0.14400665E+01 -0.76271292E+01
  0.14543724E+01 -0.76093473E+01
  0.14686784E+01 -0.75896370E+01
  0.14829844E+01 -0.75680529E+01
  0.14972904E+01 -0.75446560E+01
  0.15115963E+01 -0.75195143E+01
  0.15259023E+01 -0.74927036E+01
  0.15402083E+01 -0.74643078E+01
  0.15545143E+01 -0.74344202E+01
  0.15688203E+01 -0.74031435E+01
  0.15831262E+01 -0.73705907E+01
  0.15974322E+01 -0.73368854E+01
  0.16117382E+01 -0.73021627E+01
  0.16260442E+01 -0.72665700E+01
  0.16403502E+01 -0.72302679E+01
  0.16546561E+01 -0.71934319E+01
  0.16689621E+01 -0.71562537E+01
  0.16832681E+01 -0.71189432E+01
  0.16975741E+01 -0.70817304E+01
  0.17118800E+01 -0.70448673E+01
  0.17261860E+01 -0.70086293E+01
  0.17404920E+01 -0.69733158E+01
  0.17547980E+01 -0.69455453E+01
  0.17691040E+01 -0.69386859E+01
  0.17834099E+01 -0.69321791E+01
  0.17977159E+01 -0.69261328E+01
  0.18120219E+01 -0.69206507E+01
  0.18263279E+01 -0.69158299E+01
  0.18406338E+01 -0.69117574E+01
  0.18549398E+01 -0.69085080E+01
  0.18692458E+01 -0.69061420E+01
  0.18835518E+01 -0.69047038E+01
  0.18977665E+01 -0.69042203E+01
  0.19119812E+01 -0.69043800E+01
  0.19261959E+01 -0.69048524E+01
  0.19404106E+01 -0.69056007E+01
  0.19546253E+01 -0.69065641E+01
  0.19688400E+01 -0.69076603E+01
  0.19830547E+01 -0.69087877E+01
  0.19972694E+01 -0.69098291E+01
  0.20114841E+01 -0.69106545E+01
  0.20256989E+01 -0.69111253E+01
  0.20399136E+01 -0.69110966E+01
  0.20541283E+01 -0.69104212E+01
  0.20683430E+01 -0.69089519E+01
  0.20825577E+01 -0.69065436E+01
  0.20967724E+01 -0.69030560E+01
  0.21109871E+01 -0.68983550E+01
  0.21252018E+01 -0.68923141E+01
  0.21394165E+01 -0.68848161E+01
  0.21536312E+01 -0.68757540E+01
  0.21678459E+01 -0.68650323E+01
  0.21820606E+01 -0.68525677E+01
  0.21962753E+01 -0.68382906E+01
  0.22104901E+01 -0.68221452E+01
  0.22247048E+01 -0.68040910E+01
  0.22389195E+01 -0.67841034E+01
  0.22531342E+01 -0.67621748E+01
  0.22673489E+01 -0.67383151E+01
  0.22815636E+01 -0.67125537E+01
  0.22957783E+01 -0.66849402E+01
  0.23099930E+01 -0.66555463E+01
  0.23242077E+01 -0.66244677E+01
  0.23384224E+01 -0.65918265E+01
  0.23526371E+01 -0.65577736E+01
  0.23668518E+01 -0.65224923E+01
  0.23810666E+01 -0.64862016E+01
  0.23952813E+01 -0.64491603E+01
  0.24094960E+01 -0.64116717E+01
  0.24237107E+01 -0.63740874E+01
  0.24379254E+01 -0.63368104E+01
  0.24521401E+01 -0.63002951E+01
  0.24663548E+01 -0.62650419E+01
  0.24805695E+01 -0.62315815E+01
  0.24947842E+01 -0.62004460E+01
  0.25089989E+01 -0.61851407E+01
  0.25232136E+01 -0.61909270E+01
  0.25374283E+01 -0.61962879E+01
  0.25516430E+01 -0.62011577E+01
  0.25658578E+01 -0.62054812E+01
  0.25800725E+01 -0.62092129E+01
  0.25942872E+01 -0.62123153E+01
  0.26085019E+01 -0.62147587E+01
  0.26227166E+01 -0.62165204E+01
  0.26369313E+01 -0.62175844E+01
  0.26512656E+01 -0.62179409E+01
  0.26655999E+01 -0.62173218E+01
  0.26799342E+01 -0.62154893E+01
  0.26942685E+01 -0.62125100E+01
  0.27086029E+01 -0.62084984E+01
  0.27229372E+01 -0.62036242E+01
  0.27372715E+01 -0.61981260E+01
  0.27516058E+01 -0.61923432E+01
  0.27659401E+01 -0.61868161E+01
  0.27802744E+01 -0.61827527E+01
  0.27946087E+01 -0.61846177E+01
  0.28089430E+01 -0.61999017E+01
  0.28232774E+01 -0.62230728E+01
  0.28376117E+01 -0.62494193E+01
  0.28519460E+01 -0.62777465E+01
  0.28662803E+01 -0.63075586E+01
  0.28806146E+01 -0.63385193E+01
  0.28949489E+01 -0.63703455E+01
  0.29092832E+01 -0.64027823E+01
  0.29236175E+01 -0.64355956E+01
  0.29379519E+01 -0.64685714E+01
  0.29522862E+01 -0.65015150E+01
  0.29666205E+01 -0.65342513E+01
  0.29809548E+01 -0.65666246E+01
  0.29952891E+01 -0.65984988E+01
  0.30096234E+01 -0.66297572E+01
  0.30239577E+01 -0.66603022E+01
  0.30382920E+01 -0.66900553E+01
  0.30526264E+01 -0.67189574E+01
  0.30669607E+01 -0.67469686E+01
  0.30812950E+01 -0.67740696E+01
  0.30956293E+01 -0.68002620E+01
  0.31099636E+01 -0.68255716E+01
  0.31242979E+01 -0.68500507E+01
  0.31386322E+01 -0.68737836E+01
  0.31529666E+01 -0.68968935E+01
  0.31673009E+01 -0.69195529E+01
  0.31816352E+01 -0.69419961E+01
  0.31959695E+01 -0.69645352E+01
  0.32103038E+01 -0.69875751E+01
  0.32246381E+01 -0.70116173E+01
  0.32389724E+01 -0.70372357E+01
  0.32533067E+01 -0.70649985E+01
  0.32676411E+01 -0.70953317E+01
  0.32819754E+01 -0.71283683E+01
  0.32963097E+01 -0.71638790E+01
  0.33106440E+01 -0.72013339E+01
  0.33249783E+01 -0.72400490E+01
  0.33393126E+01 -0.72793254E+01
  0.33536469E+01 -0.73185315E+01
  0.33679812E+01 -0.73571325E+01
  0.33823156E+01 -0.73946891E+01
  0.33966499E+01 -0.74308455E+01
  0.34109842E+01 -0.74653149E+01
  0.34253185E+01 -0.74978655E+01
  0.34396528E+01 -0.75283106E+01
  0.34539871E+01 -0.75564989E+01
  0.34683214E+01 -0.75823072E+01
  0.34826557E+01 -0.76056341E+01
  0.34969901E+01 -0.76263954E+01
  0.35113244E+01 -0.76445201E+01
  0.35256587E+01 -0.76599490E+01
  0.35399930E+01 -0.76726331E+01
  0.35543273E+01 -0.76825333E+01
  0.35686616E+01 -0.76896208E+01
  0.35829959E+01 -0.76938769E+01
  0.35973019E+01 -0.76952918E+01
  
  0.00000000E+00 -0.60568785E+01
  0.14305978E-01 -0.60583668E+01
  0.28611956E-01 -0.60627851E+01
  0.42917934E-01 -0.60699834E+01
  0.57223912E-01 -0.60796621E+01
  0.71529890E-01 -0.60912352E+01
  0.85835868E-01 -0.61034075E+01
  0.10014185E+00 -0.61129760E+01
  0.11444782E+00 -0.61139815E+01
  0.12875380E+00 -0.61040587E+01
  0.14305978E+00 -0.60869542E+01
  0.15736576E+00 -0.60655818E+01
  0.17167174E+00 -0.60411647E+01
  0.18597771E+00 -0.60142348E+01
  0.20028369E+00 -0.59850699E+01
  0.21458967E+00 -0.59538468E+01
  0.22889565E+00 -0.59206987E+01
  0.24320163E+00 -0.58857404E+01
  0.25750760E+00 -0.58490787E+01
  0.27181358E+00 -0.58108193E+01
  0.28611956E+00 -0.57710696E+01
  0.30042554E+00 -0.57299410E+01
  0.31473152E+00 -0.56875512E+01
  0.32903749E+00 -0.56440260E+01
  0.34334347E+00 -0.55995019E+01
  0.35764945E+00 -0.55541286E+01
  0.37195543E+00 -0.55080734E+01
  0.38626141E+00 -0.54615253E+01
  0.40056738E+00 -0.54147020E+01
  0.41487336E+00 -0.53678577E+01
  0.42917934E+00 -0.53212937E+01
  0.44348532E+00 -0.52753732E+01
  0.45779130E+00 -0.52305398E+01
  0.47209727E+00 -0.51873409E+01
  0.48640325E+00 -0.51464570E+01
  0.50070923E+00 -0.51087315E+01
  0.51501521E+00 -0.50751926E+01
  0.52932119E+00 -0.50536239E+01
  0.54362716E+00 -0.50437415E+01
  0.55793314E+00 -0.50376479E+01
  0.57214785E+00 -0.50355847E+01
  0.58636256E+00 -0.50475593E+01
  0.60057727E+00 -0.50812354E+01
  0.61479197E+00 -0.51314884E+01
  0.62900668E+00 -0.51930475E+01
  0.64322139E+00 -0.52618329E+01
  0.65743610E+00 -0.53350263E+01
  0.67165080E+00 -0.54107391E+01
  0.68586551E+00 -0.54876923E+01
  0.70008022E+00 -0.55649952E+01
  0.71429493E+00 -0.56420059E+01
  0.72850964E+00 -0.57182446E+01
  0.74272434E+00 -0.57933413E+01
  0.75693905E+00 -0.58670022E+01
  0.77115376E+00 -0.59389885E+01
  0.78536847E+00 -0.60091026E+01
  0.79958318E+00 -0.60771792E+01
  0.81379788E+00 -0.61430790E+01
  0.82801259E+00 -0.62066847E+01
  0.84222730E+00 -0.62678984E+01
  0.85644201E+00 -0.63266397E+01
  0.87065671E+00 -0.63828444E+01
  0.88487142E+00 -0.64364635E+01
  0.89908613E+00 -0.64874629E+01
  0.91330084E+00 -0.65358225E+01
  0.92751555E+00 -0.65815361E+01
  0.94173025E+00 -0.66246102E+01
  0.95594496E+00 -0.66650643E+01
  0.97015967E+00 -0.67029295E+01
  0.98437438E+00 -0.67382483E+01
  0.99858908E+00 -0.67710737E+01
  0.10128038E+01 -0.68014687E+01
  0.10270185E+01 -0.68295049E+01
  0.10412332E+01 -0.68552624E+01
  0.10554479E+01 -0.68788285E+01
  0.10696626E+01 -0.69002966E+01
  0.10838773E+01 -0.69197658E+01
  0.10980920E+01 -0.69373394E+01
  0.11123067E+01 -0.69531240E+01
  0.11265215E+01 -0.69672280E+01
  0.11407362E+01 -0.69797611E+01
  0.11549509E+01 -0.69908322E+01
  0.11691656E+01 -0.70005489E+01
  0.11833803E+01 -0.70090159E+01
  0.11975950E+01 -0.70163338E+01
  0.12118097E+01 -0.70225980E+01
  0.12260244E+01 -0.70278975E+01
  0.12402391E+01 -0.70323139E+01
  0.12544538E+01 -0.70359204E+01
  0.12686685E+01 -0.70387805E+01
  0.12828832E+01 -0.70409479E+01
  0.12970979E+01 -0.70424649E+01
  0.13113127E+01 -0.70433623E+01
  0.13256186E+01 -0.70436590E+01
  0.13399246E+01 -0.70436687E+01
  0.13542306E+01 -0.70436940E+01
  0.13685366E+01 -0.70437241E+01
  0.13828425E+01 -0.70437412E+01
  0.13971485E+01 -0.70437204E+01
  0.14114545E+01 -0.70436304E+01
  0.14257605E+01 -0.70434337E+01
  0.14400665E+01 -0.70430882E+01
  0.14543724E+01 -0.70425483E+01
  0.14686784E+01 -0.70417664E+01
  0.14829844E+01 -0.70406954E+01
  0.14972904E+01 -0.70392900E+01
  0.15115963E+01 -0.70375089E+01
  0.15259023E+01 -0.70353165E+01
  0.15402083E+01 -0.70326838E+01
  0.15545143E+01 -0.70295894E+01
  0.15688203E+01 -0.70260200E+01
  0.15831262E+01 -0.70219704E+01
  0.15974322E+01 -0.70174438E+01
  0.16117382E+01 -0.70124511E+01
  0.16260442E+01 -0.70070117E+01
  0.16403502E+01 -0.70011530E+01
  0.16546561E+01 -0.69949112E+01
  0.16689621E+01 -0.69883319E+01
  0.16832681E+01 -0.69814699E+01
  0.16975741E+01 -0.69743905E+01
  0.17118800E+01 -0.69671690E+01
  0.17261860E+01 -0.69598904E+01
  0.17404920E+01 -0.69526488E+01
  0.17547980E+01 -0.69392508E+01
  0.17691040E+01 -0.69067805E+01
  0.17834099E+01 -0.68762709E+01
  0.17977159E+01 -0.68481018E+01
  0.18120219E+01 -0.68226591E+01
  0.18263279E+01 -0.68003243E+01
  0.18406338E+01 -0.67814609E+01
  0.18549398E+01 -0.67663993E+01
  0.18692458E+01 -0.67554200E+01
  0.18835518E+01 -0.67487380E+01
  0.18977665E+01 -0.67464889E+01
  0.19119812E+01 -0.67450359E+01
  0.19261959E+01 -0.67406881E+01
  0.19404106E+01 -0.67334726E+01
  0.19546253E+01 -0.67234352E+01
  0.19688400E+01 -0.67106398E+01
  0.19830547E+01 -0.66951699E+01
  0.19972694E+01 -0.66771286E+01
  0.20114841E+01 -0.66566400E+01
  0.20256989E+01 -0.66338505E+01
  0.20399136E+01 -0.66089298E+01
  0.20541283E+01 -0.65820733E+01
  0.20683430E+01 -0.65535034E+01
  0.20825577E+01 -0.65234718E+01
  0.20967724E+01 -0.64922613E+01
  0.21109871E+01 -0.64601873E+01
  0.21252018E+01 -0.64275982E+01
  0.21394165E+01 -0.63948749E+01
  0.21536312E+01 -0.63624276E+01
  0.21678459E+01 -0.63306896E+01
  0.21820606E+01 -0.63001070E+01
  0.21962753E+01 -0.62711241E+01
  0.22104901E+01 -0.62441638E+01
  0.22247048E+01 -0.62196050E+01
  0.22389195E+01 -0.61977592E+01
  0.22531342E+01 -0.61788501E+01
  0.22673489E+01 -0.61629997E+01
  0.22815636E+01 -0.61502242E+01
  0.22957783E+01 -0.61404395E+01
  0.23099930E+01 -0.61334766E+01
  0.23242077E+01 -0.61291014E+01
  0.23384224E+01 -0.61270375E+01
  0.23526371E+01 -0.61269868E+01
  0.23668518E+01 -0.61286468E+01
  0.23810666E+01 -0.61317237E+01
  0.23952813E+01 -0.61359406E+01
  0.24094960E+01 -0.61410429E+01
  0.24237107E+01 -0.61468003E+01
  0.24379254E+01 -0.61530068E+01
  0.24521401E+01 -0.61594804E+01
  0.24663548E+01 -0.61660613E+01
  0.24805695E+01 -0.61726095E+01
  0.24947842E+01 -0.61790036E+01
  0.25089989E+01 -0.61721212E+01
  0.25232136E+01 -0.61469982E+01
  0.25374283E+01 -0.61253075E+01
  0.25516430E+01 -0.61070969E+01
  0.25658578E+01 -0.60922359E+01
  0.25800725E+01 -0.60804603E+01
  0.25942872E+01 -0.60714369E+01
  0.26085019E+01 -0.60648270E+01
  0.26227166E+01 -0.60603334E+01
  0.26369313E+01 -0.60577305E+01
  0.26512656E+01 -0.60568785E+01
  0.26655999E+01 -0.60579738E+01
  0.26799342E+01 -0.60612638E+01
  0.26942685E+01 -0.60667598E+01
  0.27086029E+01 -0.60744759E+01
  0.27229372E+01 -0.60844200E+01
  0.27372715E+01 -0.60965770E+01
  0.27516058E+01 -0.61108718E+01
  0.27659401E+01 -0.61270600E+01
  0.27802744E+01 -0.61442488E+01
  0.27946087E+01 -0.61582888E+01
  0.28089430E+01 -0.61619799E+01
  0.28232774E+01 -0.61610891E+01
  0.28376117E+01 -0.61604754E+01
  0.28519460E+01 -0.61613674E+01
  0.28662803E+01 -0.61641699E+01
  0.28806146E+01 -0.61690126E+01
  0.28949489E+01 -0.61758817E+01
  0.29092832E+01 -0.61846807E+01
  0.29236175E+01 -0.61952721E+01
  0.29379519E+01 -0.62075078E+01
  0.29522862E+01 -0.62212494E+01
  0.29666205E+01 -0.62363813E+01
  0.29809548E+01 -0.62528176E+01
  0.29952891E+01 -0.62705055E+01
  0.30096234E+01 -0.62894264E+01
  0.30239577E+01 -0.63095962E+01
  0.30382920E+01 -0.63310632E+01
  0.30526264E+01 -0.63539052E+01
  0.30669607E+01 -0.63782246E+01
  0.30812950E+01 -0.64041399E+01
  0.30956293E+01 -0.64317738E+01
  0.31099636E+01 -0.64612365E+01
  0.31242979E+01 -0.64926043E+01
  0.31386322E+01 -0.65258934E+01
  0.31529666E+01 -0.65610313E+01
  0.31673009E+01 -0.65978286E+01
  0.31816352E+01 -0.66359545E+01
  0.31959695E+01 -0.66749192E+01
  0.32103038E+01 -0.67140677E+01
  0.32246381E+01 -0.67525926E+01
  0.32389724E+01 -0.67895792E+01
  0.32533067E+01 -0.68241055E+01
  0.32676411E+01 -0.68553974E+01
  0.32819754E+01 -0.68829923E+01
  0.32963097E+01 -0.69068179E+01
  0.33106440E+01 -0.69271337E+01
  0.33249783E+01 -0.69443845E+01
  0.33393126E+01 -0.69590595E+01
  0.33536469E+01 -0.69716072E+01
  0.33679812E+01 -0.69824025E+01
  0.33823156E+01 -0.69917453E+01
  0.33966499E+01 -0.69998711E+01
  0.34109842E+01 -0.70069637E+01
  0.34253185E+01 -0.70131675E+01
  0.34396528E+01 -0.70185962E+01
  0.34539871E+01 -0.70233405E+01
  0.34683214E+01 -0.70274726E+01
  0.34826557E+01 -0.70310508E+01
  0.34969901E+01 -0.70341216E+01
  0.35113244E+01 -0.70367220E+01
  0.35256587E+01 -0.70388810E+01
  0.35399930E+01 -0.70406210E+01
  0.35543273E+01 -0.70419588E+01
  0.35686616E+01 -0.70429063E+01
  0.35829959E+01 -0.70434715E+01
  0.35973019E+01 -0.70436590E+01
  
  0.00000000E+00 -0.56706185E+01
  0.14305978E-01 -0.56700199E+01
  0.28611956E-01 -0.56682141E+01
  0.42917934E-01 -0.56652023E+01
  0.57223912E-01 -0.56609872E+01
  0.71529890E-01 -0.56555731E+01
  0.85835868E-01 -0.56489660E+01
  0.10014185E+00 -0.56411737E+01
  0.11444782E+00 -0.56322061E+01
  0.12875380E+00 -0.56220746E+01
  0.14305978E+00 -0.56107927E+01
  0.15736576E+00 -0.55983757E+01
  0.17167174E+00 -0.55848409E+01
  0.18597771E+00 -0.55702077E+01
  0.20028369E+00 -0.55544975E+01
  0.21458967E+00 -0.55377345E+01
  0.22889565E+00 -0.55199459E+01
  0.24320163E+00 -0.55011627E+01
  0.25750760E+00 -0.54814200E+01
  0.27181358E+00 -0.54607583E+01
  0.28611956E+00 -0.54392245E+01
  0.30042554E+00 -0.54168728E+01
  0.31473152E+00 -0.53937661E+01
  0.32903749E+00 -0.53699779E+01
  0.34334347E+00 -0.53455934E+01
  0.35764945E+00 -0.53207122E+01
  0.37195543E+00 -0.52954504E+01
  0.38626141E+00 -0.52699441E+01
  0.40056738E+00 -0.52443527E+01
  0.41487336E+00 -0.52188631E+01
  0.42917934E+00 -0.51936949E+01
  0.44348532E+00 -0.51691055E+01
  0.45779130E+00 -0.51453949E+01
  0.47209727E+00 -0.51229093E+01
  0.48640325E+00 -0.51020419E+01
  0.50070923E+00 -0.50832281E+01
  0.51501521E+00 -0.50669323E+01
  0.52932119E+00 -0.50470460E+01
  0.54362716E+00 -0.50256029E+01
  0.55793314E+00 -0.50121121E+01
  0.57214785E+00 -0.50075001E+01
  0.58636256E+00 -0.50110961E+01
  0.60057727E+00 -0.50218478E+01
  0.61479197E+00 -0.50396502E+01
  0.62900668E+00 -0.50643186E+01
  0.64322139E+00 -0.50955789E+01
  0.65743610E+00 -0.51330647E+01
  0.67165080E+00 -0.51763220E+01
  0.68586551E+00 -0.52248234E+01
  0.70008022E+00 -0.52779882E+01
  0.71429493E+00 -0.53352042E+01
  0.72850964E+00 -0.53958460E+01
  0.74272434E+00 -0.54592898E+01
  0.75693905E+00 -0.55249211E+01
  0.77115376E+00 -0.55921360E+01
  0.78536847E+00 -0.56603369E+01
  0.79958318E+00 -0.57289223E+01
  0.81379788E+00 -0.57972703E+01
  0.82801259E+00 -0.58647154E+01
  0.84222730E+00 -0.59305193E+01
  0.85644201E+00 -0.59938344E+01
  0.87065671E+00 -0.60536679E+01
  0.88487142E+00 -0.61088600E+01
  0.89908613E+00 -0.61581105E+01
  0.91330084E+00 -0.62000999E+01
  0.92751555E+00 -0.62337353E+01
  0.94173025E+00 -0.62584585E+01
  0.95594496E+00 -0.62744423E+01
  0.97015967E+00 -0.62825257E+01
  0.98437438E+00 -0.62839329E+01
  0.99858908E+00 -0.62799656E+01
  0.10128038E+01 -0.62718035E+01
  0.10270185E+01 -0.62604289E+01
  0.10412332E+01 -0.62466276E+01
  0.10554479E+01 -0.62310207E+01
  0.10696626E+01 -0.62141028E+01
  0.10838773E+01 -0.61962752E+01
  0.10980920E+01 -0.61778720E+01
  0.11123067E+01 -0.61591794E+01
  0.11265215E+01 -0.61404495E+01
  0.11407362E+01 -0.61219102E+01
  0.11549509E+01 -0.61037722E+01
  0.11691656E+01 -0.60862331E+01
  0.11833803E+01 -0.60694803E+01
  0.11975950E+01 -0.60536922E+01
  0.12118097E+01 -0.60390386E+01
  0.12260244E+01 -0.60256796E+01
  0.12402391E+01 -0.60137646E+01
  0.12544538E+01 -0.60034298E+01
  0.12686685E+01 -0.59947967E+01
  0.12828832E+01 -0.59879689E+01
  0.12970979E+01 -0.59830300E+01
  0.13113127E+01 -0.59800415E+01
  0.13256186E+01 -0.59790411E+01
  0.13399246E+01 -0.59782796E+01
  0.13542306E+01 -0.59760002E+01
  0.13685366E+01 -0.59722202E+01
  0.13828425E+01 -0.59669682E+01
  0.13971485E+01 -0.59602826E+01
  0.14114545E+01 -0.59522116E+01
  0.14257605E+01 -0.59428111E+01
  0.14400665E+01 -0.59321439E+01
  0.14543724E+01 -0.59202780E+01
  0.14686784E+01 -0.59072855E+01
  0.14829844E+01 -0.58932412E+01
  0.14972904E+01 -0.58782212E+01
  0.15115963E+01 -0.58623023E+01
  0.15259023E+01 -0.58455608E+01
  0.15402083E+01 -0.58280720E+01
  0.15545143E+01 -0.58099091E+01
  0.15688203E+01 -0.57911431E+01
  0.15831262E+01 -0.57718417E+01
  0.15974322E+01 -0.57520694E+01
  0.16117382E+01 -0.57318866E+01
  0.16260442E+01 -0.57113500E+01
  0.16403502E+01 -0.56905128E+01
  0.16546561E+01 -0.56694247E+01
  0.16689621E+01 -0.56481342E+01
  0.16832681E+01 -0.56266894E+01
  0.16975741E+01 -0.56051413E+01
  0.17118800E+01 -0.55835470E+01
  0.17261860E+01 -0.55619749E+01
  0.17404920E+01 -0.55405101E+01
  0.17547980E+01 -0.55192623E+01
  0.17691040E+01 -0.54983751E+01
  0.17834099E+01 -0.54780370E+01
  0.17977159E+01 -0.54584932E+01
  0.18120219E+01 -0.54400581E+01
  0.18263279E+01 -0.54231237E+01
  0.18406338E+01 -0.54081595E+01
  0.18549398E+01 -0.53956947E+01
  0.18692458E+01 -0.53862749E+01
  0.18835518E+01 -0.53803906E+01
  0.18977665E+01 -0.53783880E+01
  0.19119812E+01 -0.53800736E+01
  0.19261959E+01 -0.53849653E+01
  0.19404106E+01 -0.53926368E+01
  0.19546253E+01 -0.54025249E+01
  0.19688400E+01 -0.54140569E+01
  0.19830547E+01 -0.54267318E+01
  0.19972694E+01 -0.54401514E+01
  0.20114841E+01 -0.54540190E+01
  0.20256989E+01 -0.54681232E+01
  0.20399136E+01 -0.54823187E+01
  0.20541283E+01 -0.54965084E+01
  0.20683430E+01 -0.55106291E+01
  0.20825577E+01 -0.55246406E+01
  0.20967724E+01 -0.55385172E+01
  0.21109871E+01 -0.55522425E+01
  0.21252018E+01 -0.55658051E+01
  0.21394165E+01 -0.55791958E+01
  0.21536312E+01 -0.55924054E+01
  0.21678459E+01 -0.56054239E+01
  0.21820606E+01 -0.56182393E+01
  0.21962753E+01 -0.56308367E+01
  0.22104901E+01 -0.56431988E+01
  0.22247048E+01 -0.56553044E+01
  0.22389195E+01 -0.56671294E+01
  0.22531342E+01 -0.56786459E+01
  0.22673489E+01 -0.56898222E+01
  0.22815636E+01 -0.57006228E+01
  0.22957783E+01 -0.57110075E+01
  0.23099930E+01 -0.57209315E+01
  0.23242077E+01 -0.57303440E+01
  0.23384224E+01 -0.57391874E+01
  0.23526371E+01 -0.57473957E+01
  0.23668518E+01 -0.57548932E+01
  0.23810666E+01 -0.57615916E+01
  0.23952813E+01 -0.57673882E+01
  0.24094960E+01 -0.57721631E+01
  0.24237107E+01 -0.57757769E+01
  0.24379254E+01 -0.57780699E+01
  0.24521401E+01 -0.57788636E+01
  0.24663548E+01 -0.57779683E+01
  0.24805695E+01 -0.57751996E+01
  0.24947842E+01 -0.57704084E+01
  0.25089989E+01 -0.57635246E+01
  0.25232136E+01 -0.57546123E+01
  0.25374283E+01 -0.57439181E+01
  0.25516430E+01 -0.57318954E+01
  0.25658578E+01 -0.57191858E+01
  0.25800725E+01 -0.57065600E+01
  0.25942872E+01 -0.56948350E+01
  0.26085019E+01 -0.56847900E+01
  0.26227166E+01 -0.56770962E+01
  0.26369313E+01 -0.56722658E+01
  0.26512656E+01 -0.56706185E+01
  0.26655999E+01 -0.56714634E+01
  0.26799342E+01 -0.56739349E+01
  0.26942685E+01 -0.56778718E+01
  0.27086029E+01 -0.56830128E+01
  0.27229372E+01 -0.56890051E+01
  0.27372715E+01 -0.56954158E+01
  0.27516058E+01 -0.57017463E+01
  0.27659401E+01 -0.57074508E+01
  0.27802744E+01 -0.57119585E+01
  0.27946087E+01 -0.57147026E+01
  0.28089430E+01 -0.57151542E+01
  0.28232774E+01 -0.57128631E+01
  0.28376117E+01 -0.57074996E+01
  0.28519460E+01 -0.56988894E+01
  0.28662803E+01 -0.56870362E+01
  0.28806146E+01 -0.56721238E+01
  0.28949489E+01 -0.56545045E+01
  0.29092832E+01 -0.56346812E+01
  0.29236175E+01 -0.56132951E+01
  0.29379519E+01 -0.55911249E+01
  0.29522862E+01 -0.55691020E+01
  0.29666205E+01 -0.55483344E+01
  0.29809548E+01 -0.55301269E+01
  0.29952891E+01 -0.55159697E+01
  0.30096234E+01 -0.55074530E+01
  0.30239577E+01 -0.55060644E+01
  0.30382920E+01 -0.55128769E+01
  0.30526264E+01 -0.55282305E+01
  0.30669607E+01 -0.55515857E+01
  0.30812950E+01 -0.55816484E+01
  0.30956293E+01 -0.56166870E+01
  0.31099636E+01 -0.56548667E+01
  0.31242979E+01 -0.56944859E+01
  0.31386322E+01 -0.57340953E+01
  0.31529666E+01 -0.57725367E+01
  0.31673009E+01 -0.58089382E+01
  0.31816352E+01 -0.58426895E+01
  0.31959695E+01 -0.58734084E+01
  0.32103038E+01 -0.59009017E+01
  0.32246381E+01 -0.59251248E+01
  0.32389724E+01 -0.59461426E+01
  0.32533067E+01 -0.59640942E+01
  0.32676411E+01 -0.59791642E+01
  0.32819754E+01 -0.59915614E+01
  0.32963097E+01 -0.60015037E+01
  0.33106440E+01 -0.60092092E+01
  0.33249783E+01 -0.60148913E+01
  0.33393126E+01 -0.60187567E+01
  0.33536469E+01 -0.60210052E+01
  0.33679812E+01 -0.60218305E+01
  0.33823156E+01 -0.60214209E+01
  0.33966499E+01 -0.60199602E+01
  0.34109842E+01 -0.60176283E+01
  0.34253185E+01 -0.60146012E+01
  0.34396528E+01 -0.60110506E+01
  0.34539871E+01 -0.60071439E+01
  0.34683214E+01 -0.60030422E+01
  0.34826557E+01 -0.59989000E+01
  0.34969901E+01 -0.59948628E+01
  0.35113244E+01 -0.59910655E+01
  0.35256587E+01 -0.59876304E+01
  0.35399930E+01 -0.59846651E+01
  0.35543273E+01 -0.59822608E+01
  0.35686616E+01 -0.59804901E+01
  0.35829959E+01 -0.59794062E+01
  0.35973019E+01 -0.59790411E+01
  
  0.00000000E+00 -0.43264340E+01
  0.14305978E-01 -0.43253280E+01
  0.28611956E-01 -0.43220324E+01
  0.42917934E-01 -0.43166086E+01
  0.57223912E-01 -0.43091551E+01
  0.71529890E-01 -0.42998034E+01
  0.85835868E-01 -0.42887124E+01
  0.10014185E+00 -0.42760631E+01
  0.11444782E+00 -0.42620525E+01
  0.12875380E+00 -0.42468890E+01
  0.14305978E+00 -0.42307887E+01
  0.15736576E+00 -0.42139728E+01
  0.17167174E+00 -0.41966655E+01
  0.18597771E+00 -0.41790948E+01
  0.20028369E+00 -0.41614926E+01
  0.21458967E+00 -0.41440969E+01
  0.22889565E+00 -0.41271545E+01
  0.24320163E+00 -0.41109248E+01
  0.25750760E+00 -0.40956834E+01
  0.27181358E+00 -0.40817260E+01
  0.28611956E+00 -0.40693715E+01
  0.30042554E+00 -0.40589627E+01
  0.31473152E+00 -0.40508634E+01
  0.32903749E+00 -0.40454505E+01
  0.34334347E+00 -0.40430969E+01
  0.35764945E+00 -0.40441468E+01
  0.37195543E+00 -0.40488811E+01
  0.38626141E+00 -0.40574795E+01
  0.40056738E+00 -0.40699828E+01
  0.41487336E+00 -0.40862661E+01
  0.42917934E+00 -0.41060256E+01
  0.44348532E+00 -0.41287797E+01
  0.45779130E+00 -0.41538794E+01
  0.47209727E+00 -0.41805180E+01
  0.48640325E+00 -0.42077354E+01
  0.50070923E+00 -0.42344138E+01
  0.51501521E+00 -0.42592751E+01
  0.52932119E+00 -0.42809004E+01
  0.54362716E+00 -0.42978084E+01
  0.55793314E+00 -0.43086276E+01
  0.57214785E+00 -0.43123576E+01
  0.58636256E+00 -0.43000375E+01
  0.60057727E+00 -0.42653380E+01
  0.61479197E+00 -0.42134141E+01
  0.62900668E+00 -0.41495884E+01
  0.64322139E+00 -0.41317001E+01
  0.65743610E+00 -0.41345522E+01
  0.67165080E+00 -0.41364798E+01
  0.68586551E+00 -0.41371696E+01
  0.70008022E+00 -0.41364130E+01
  0.71429493E+00 -0.41340933E+01
  0.72850964E+00 -0.41301678E+01
  0.74272434E+00 -0.41246477E+01
  0.75693905E+00 -0.41175818E+01
  0.77115376E+00 -0.41090428E+01
  0.78536847E+00 -0.40991187E+01
  0.79958318E+00 -0.40879066E+01
  0.81379788E+00 -0.40755093E+01
  0.82801259E+00 -0.40620346E+01
  0.84222730E+00 -0.40475947E+01
  0.85644201E+00 -0.40323075E+01
  0.87065671E+00 -0.40162984E+01
  0.88487142E+00 -0.39997029E+01
  0.89908613E+00 -0.39826693E+01
  0.91330084E+00 -0.39653624E+01
  0.92751555E+00 -0.39479679E+01
  0.94173025E+00 -0.39306964E+01
  0.95594496E+00 -0.39137889E+01
  0.97015967E+00 -0.38975199E+01
  0.98437438E+00 -0.38822004E+01
  0.99858908E+00 -0.38681754E+01
  0.10128038E+01 -0.38558148E+01
  0.10270185E+01 -0.38454945E+01
  0.10412332E+01 -0.38375645E+01
  0.10554479E+01 -0.38323078E+01
  0.10696626E+01 -0.38298964E+01
  0.10838773E+01 -0.38303590E+01
  0.10980920E+01 -0.38335705E+01
  0.11123067E+01 -0.38392684E+01
  0.11265215E+01 -0.38470885E+01
  0.11407362E+01 -0.38566073E+01
  0.11549509E+01 -0.38673803E+01
  0.11691656E+01 -0.38789695E+01
  0.11833803E+01 -0.38909608E+01
  0.11975950E+01 -0.39029723E+01
  0.12118097E+01 -0.39146579E+01
  0.12260244E+01 -0.39257076E+01
  0.12402391E+01 -0.39358475E+01
  0.12544538E+01 -0.39448387E+01
  0.12686685E+01 -0.39524777E+01
  0.12828832E+01 -0.39585961E+01
  0.12970979E+01 -0.39630619E+01
  0.13113127E+01 -0.39657797E+01
  0.13256186E+01 -0.39666920E+01
  0.13399246E+01 -0.39706493E+01
  0.13542306E+01 -0.39820247E+01
  0.13685366E+01 -0.39995928E+01
  0.13828425E+01 -0.40219195E+01
  0.13971485E+01 -0.40477289E+01
  0.14114545E+01 -0.40760241E+01
  0.14257605E+01 -0.41060687E+01
  0.14400665E+01 -0.41373274E+01
  0.14543724E+01 -0.41694099E+01
  0.14686784E+01 -0.42020281E+01
  0.14829844E+01 -0.42349670E+01
  0.14972904E+01 -0.42680644E+01
  0.15115963E+01 -0.43011981E+01
  0.15259023E+01 -0.43342758E+01
  0.15402083E+01 -0.43672284E+01
  0.15545143E+01 -0.44000047E+01
  0.15688203E+01 -0.44325666E+01
  0.15831262E+01 -0.44648854E+01
  0.15974322E+01 -0.44969383E+01
  0.16117382E+01 -0.45287050E+01
  0.16260442E+01 -0.45601646E+01
  0.16403502E+01 -0.45912933E+01
  0.16546561E+01 -0.46220608E+01
  0.16689621E+01 -0.46524275E+01
  0.16832681E+01 -0.46823414E+01
  0.16975741E+01 -0.47117342E+01
  0.17118800E+01 -0.47405178E+01
  0.17261860E+01 -0.47685796E+01
  0.17404920E+01 -0.47957792E+01
  0.17547980E+01 -0.48219450E+01
  0.17691040E+01 -0.48468723E+01
  0.17834099E+01 -0.48703237E+01
  0.17977159E+01 -0.48920321E+01
  0.18120219E+01 -0.49117073E+01
  0.18263279E+01 -0.49290461E+01
  0.18406338E+01 -0.49437468E+01
  0.18549398E+01 -0.49555255E+01
  0.18692458E+01 -0.49641350E+01
  0.18835518E+01 -0.49693828E+01
  0.18977665E+01 -0.49711465E+01
  0.19119812E+01 -0.49675538E+01
  0.19261959E+01 -0.49569480E+01
  0.19404106E+01 -0.49397899E+01
  0.19546253E+01 -0.49167000E+01
  0.19688400E+01 -0.48883289E+01
  0.19830547E+01 -0.48552747E+01
  0.19972694E+01 -0.48180491E+01
  0.20114841E+01 -0.48156696E+01
  0.20256989E+01 -0.48336936E+01
  0.20399136E+01 -0.48522290E+01
  0.20541283E+01 -0.48708949E+01
  0.20683430E+01 -0.48893111E+01
  0.20825577E+01 -0.49070967E+01
  0.20967724E+01 -0.49238684E+01
  0.21109871E+01 -0.49392377E+01
  0.21252018E+01 -0.49528102E+01
  0.21394165E+01 -0.49641848E+01
  0.21536312E+01 -0.49729568E+01
  0.21678459E+01 -0.49787232E+01
  0.21820606E+01 -0.49810928E+01
  0.21962753E+01 -0.49797016E+01
  0.22104901E+01 -0.49742325E+01
  0.22247048E+01 -0.49644401E+01
  0.22389195E+01 -0.49501758E+01
  0.22531342E+01 -0.49314113E+01
  0.22673489E+01 -0.49082562E+01
  0.22815636E+01 -0.48809663E+01
  0.22957783E+01 -0.48499411E+01
  0.23099930E+01 -0.48157128E+01
  0.23242077E+01 -0.47789264E+01
  0.23384224E+01 -0.47403158E+01
  0.23526371E+01 -0.47006748E+01
  0.23668518E+01 -0.46608256E+01
  0.23810666E+01 -0.46215823E+01
  0.23952813E+01 -0.45837109E+01
  0.24094960E+01 -0.45478871E+01
  0.24237107E+01 -0.45146581E+01
  0.24379254E+01 -0.44844134E+01
  0.24521401E+01 -0.44573728E+01
  0.24663548E+01 -0.44335934E+01
  0.24805695E+01 -0.44129932E+01
  0.24947842E+01 -0.43953857E+01
  0.25089989E+01 -0.43805170E+01
  0.25232136E+01 -0.43681001E+01
  0.25374283E+01 -0.43578422E+01
  0.25516430E+01 -0.43494637E+01
  0.25658578E+01 -0.43427109E+01
  0.25800725E+01 -0.43373628E+01
  0.25942872E+01 -0.43332337E+01
  0.26085019E+01 -0.43301739E+01
  0.26227166E+01 -0.43280689E+01
  0.26369313E+01 -0.43268382E+01
  0.26512656E+01 -0.43264340E+01
  0.26655999E+01 -0.43262873E+01
  0.26799342E+01 -0.43258579E+01
  0.26942685E+01 -0.43251700E+01
  0.27086029E+01 -0.43242649E+01
  0.27229372E+01 -0.43232034E+01
  0.27372715E+01 -0.43220691E+01
  0.27516058E+01 -0.43209723E+01
  0.27659401E+01 -0.43200558E+01
  0.27802744E+01 -0.43195010E+01
  0.27946087E+01 -0.43195373E+01
  0.28089430E+01 -0.43204525E+01
  0.28232774E+01 -0.43226059E+01
  0.28376117E+01 -0.43264429E+01
  0.28519460E+01 -0.43325053E+01
  0.28662803E+01 -0.43414336E+01
  0.28806146E+01 -0.43539429E+01
  0.28949489E+01 -0.43707539E+01
  0.29092832E+01 -0.43924599E+01
  0.29236175E+01 -0.44193296E+01
  0.29379519E+01 -0.44510956E+01
  0.29522862E+01 -0.44868130E+01
  0.29666205E+01 -0.45248562E+01
  0.29809548E+01 -0.45630484E+01
  0.29952891E+01 -0.45988656E+01
  0.30096234E+01 -0.46296794E+01
  0.30239577E+01 -0.46530485E+01
  0.30382920E+01 -0.46670650E+01
  0.30526264E+01 -0.46706721E+01
  0.30669607E+01 -0.46637975E+01
  0.30812950E+01 -0.46472151E+01
  0.30956293E+01 -0.46222201E+01
  0.31099636E+01 -0.45902953E+01
  0.31242979E+01 -0.45528851E+01
  0.31386322E+01 -0.45112944E+01
  0.31529666E+01 -0.44666746E+01
  0.31673009E+01 -0.44200545E+01
  0.31816352E+01 -0.43723925E+01
  0.31959695E+01 -0.43246356E+01
  0.32103038E+01 -0.42777794E+01
  0.32246381E+01 -0.42329202E+01
  0.32389724E+01 -0.41912693E+01
  0.32533067E+01 -0.41540775E+01
  0.32676411E+01 -0.41224119E+01
  0.32819754E+01 -0.40968274E+01
  0.32963097E+01 -0.40771499E+01
  0.33106440E+01 -0.40625739E+01
  0.33249783E+01 -0.40519962E+01
  0.33393126E+01 -0.40443267E+01
  0.33536469E+01 -0.40386447E+01
  0.33679812E+01 -0.40342306E+01
  0.33823156E+01 -0.40305406E+01
  0.33966499E+01 -0.40271690E+01
  0.34109842E+01 -0.40238159E+01
  0.34253185E+01 -0.40202637E+01
  0.34396528E+01 -0.40163620E+01
  0.34539871E+01 -0.40120190E+01
  0.34683214E+01 -0.40071990E+01
  0.34826557E+01 -0.40019232E+01
  0.34969901E+01 -0.39962737E+01
  0.35113244E+01 -0.39903999E+01
  0.35256587E+01 -0.39845232E+01
  0.35399930E+01 -0.39789373E+01
  0.35543273E+01 -0.39739968E+01
  0.35686616E+01 -0.39700862E+01
  0.35829959E+01 -0.39675645E+01
  0.35973019E+01 -0.39666920E+01
  
  0.00000000E+00 -0.31592565E+01
  0.14305978E-01 -0.31591672E+01
  0.28611956E-01 -0.31589121E+01
  0.42917934E-01 -0.31585304E+01
  0.57223912E-01 -0.31580861E+01
  0.71529890E-01 -0.31576675E+01
  0.85835868E-01 -0.31573855E+01
  0.10014185E+00 -0.31573708E+01
  0.11444782E+00 -0.31577715E+01
  0.12875380E+00 -0.31587492E+01
  0.14305978E+00 -0.31604738E+01
  0.15736576E+00 -0.31631182E+01
  0.17167174E+00 -0.31668511E+01
  0.18597771E+00 -0.31718285E+01
  0.20028369E+00 -0.31781842E+01
  0.21458967E+00 -0.31860196E+01
  0.22889565E+00 -0.32023525E+01
  0.24320163E+00 -0.32516708E+01
  0.25750760E+00 -0.33015513E+01
  0.27181358E+00 -0.33518044E+01
  0.28611956E+00 -0.34022492E+01
  0.30042554E+00 -0.34527104E+01
  0.31473152E+00 -0.35030165E+01
  0.32903749E+00 -0.35529961E+01
  0.34334347E+00 -0.36024759E+01
  0.35764945E+00 -0.36512771E+01
  0.37195543E+00 -0.36992124E+01
  0.38626141E+00 -0.37460815E+01
  0.40056738E+00 -0.37916675E+01
  0.41487336E+00 -0.38357313E+01
  0.42917934E+00 -0.38780067E+01
  0.44348532E+00 -0.39181944E+01
  0.45779130E+00 -0.39559570E+01
  0.47209727E+00 -0.39909152E+01
  0.48640325E+00 -0.40226470E+01
  0.50070923E+00 -0.40506921E+01
  0.51501521E+00 -0.40745655E+01
  0.52932119E+00 -0.40937814E+01
  0.54362716E+00 -0.41078889E+01
  0.55793314E+00 -0.41165168E+01
  0.57214785E+00 -0.41194194E+01
  0.58636256E+00 -0.41201076E+01
  0.60057727E+00 -0.41220579E+01
  0.61479197E+00 -0.41249529E+01
  0.62900668E+00 -0.41283367E+01
  0.64322139E+00 -0.40780126E+01
  0.65743610E+00 -0.40016033E+01
  0.67165080E+00 -0.39223706E+01
  0.68586551E+00 -0.38417434E+01
  0.70008022E+00 -0.37607932E+01
  0.71429493E+00 -0.36803766E+01
  0.72850964E+00 -0.36012254E+01
  0.74272434E+00 -0.35240024E+01
  0.75693905E+00 -0.34493383E+01
  0.77115376E+00 -0.33778543E+01
  0.78536847E+00 -0.33101764E+01
  0.79958318E+00 -0.32672366E+01
  0.81379788E+00 -0.32675905E+01
  0.82801259E+00 -0.32694410E+01
  0.84222730E+00 -0.32727146E+01
  0.85644201E+00 -0.32773214E+01
  0.87065671E+00 -0.32831557E+01
  0.88487142E+00 -0.32900948E+01
  0.89908613E+00 -0.32979977E+01
  0.91330084E+00 -0.33067016E+01
  0.92751555E+00 -0.33160193E+01
  0.94173025E+00 -0.33257342E+01
  0.95594496E+00 -0.33355967E+01
  0.97015967E+00 -0.33453200E+01
  0.98437438E+00 -0.33545788E+01
  0.99858908E+00 -0.33630111E+01
  0.10128038E+01 -0.33702282E+01
  0.10270185E+01 -0.33758339E+01
  0.10412332E+01 -0.33794565E+01
  0.10554479E+01 -0.33807904E+01
  0.10696626E+01 -0.33796399E+01
  0.10838773E+01 -0.33759524E+01
  0.10980920E+01 -0.33698285E+01
  0.11123067E+01 -0.33615070E+01
  0.11265215E+01 -0.33700671E+01
  0.11407362E+01 -0.34040409E+01
  0.11549509E+01 -0.34365038E+01
  0.11691656E+01 -0.34672104E+01
  0.11833803E+01 -0.34959421E+01
  0.11975950E+01 -0.35225039E+01
  0.12118097E+01 -0.35467226E+01
  0.12260244E+01 -0.35684453E+01
  0.12402391E+01 -0.35875382E+01
  0.12544538E+01 -0.36038865E+01
  0.12686685E+01 -0.36173934E+01
  0.12828832E+01 -0.36279802E+01
  0.12970979E+01 -0.36355857E+01
  0.13113127E+01 -0.36401663E+01
  0.13256186E+01 -0.36416961E+01
  0.13399246E+01 -0.36384124E+01
  0.13542306E+01 -0.36290750E+01
  0.13685366E+01 -0.36149557E+01
  0.13828425E+01 -0.35975643E+01
  0.13971485E+01 -0.35782794E+01
  0.14114545E+01 -0.35582249E+01
  0.14257605E+01 -0.35382854E+01
  0.14400665E+01 -0.35191604E+01
  0.14543724E+01 -0.35014167E+01
  0.14686784E+01 -0.34855248E+01
  0.14829844E+01 -0.34718817E+01
  0.14972904E+01 -0.34900199E+01
  0.15115963E+01 -0.35339479E+01
  0.15259023E+01 -0.35802918E+01
  0.15402083E+01 -0.36288228E+01
  0.15545143E+01 -0.36793057E+01
  0.15688203E+01 -0.37314989E+01
  0.15831262E+01 -0.37851538E+01
  0.15974322E+01 -0.38400149E+01
  0.16117382E+01 -0.38958191E+01
  0.16260442E+01 -0.39522965E+01
  0.16403502E+01 -0.40091710E+01
  0.16546561E+01 -0.40661621E+01
  0.16689621E+01 -0.41229857E+01
  0.16832681E+01 -0.41793556E+01
  0.16975741E+01 -0.42349834E+01
  0.17118800E+01 -0.42895776E+01
  0.17261860E+01 -0.43428407E+01
  0.17404920E+01 -0.43944645E+01
  0.17547980E+01 -0.44441237E+01
  0.17691040E+01 -0.44914671E+01
  0.17834099E+01 -0.45361080E+01
  0.17977159E+01 -0.45776121E+01
  0.18120219E+01 -0.46154882E+01
  0.18263279E+01 -0.46491810E+01
  0.18406338E+01 -0.46780746E+01
  0.18549398E+01 -0.47015137E+01
  0.18692458E+01 -0.47188494E+01
  0.18835518E+01 -0.47295151E+01
  0.18977665E+01 -0.47331176E+01
  0.19119812E+01 -0.47346204E+01
  0.19261959E+01 -0.47390817E+01
  0.19404106E+01 -0.47463644E+01
  0.19546253E+01 -0.47562523E+01
  0.19688400E+01 -0.47684659E+01
  0.19830547E+01 -0.47826797E+01
  0.19972694E+01 -0.47985382E+01
  0.20114841E+01 -0.47770756E+01
  0.20256989E+01 -0.47327044E+01
  0.20399136E+01 -0.46852267E+01
  0.20541283E+01 -0.46348912E+01
  0.20683430E+01 -0.45819166E+01
  0.20825577E+01 -0.45265009E+01
  0.20967724E+01 -0.44688284E+01
  0.21109871E+01 -0.44090760E+01
  0.21252018E+01 -0.43474174E+01
  0.21394165E+01 -0.42840271E+01
  0.21536312E+01 -0.42190837E+01
  0.21678459E+01 -0.41527729E+01
  0.21820606E+01 -0.40852905E+01
  0.21962753E+01 -0.40168446E+01
  0.22104901E+01 -0.39476590E+01
  0.22247048E+01 -0.38779754E+01
  0.22389195E+01 -0.38080574E+01
  0.22531342E+01 -0.37381941E+01
  0.22673489E+01 -0.36824633E+01
  0.22815636E+01 -0.36766937E+01
  0.22957783E+01 -0.36695844E+01
  0.23099930E+01 -0.36607512E+01
  0.23242077E+01 -0.36497746E+01
  0.23384224E+01 -0.36362032E+01
  0.23526371E+01 -0.36195625E+01
  0.23668518E+01 -0.35993717E+01
  0.23810666E+01 -0.35751698E+01
  0.23952813E+01 -0.35465489E+01
  0.24094960E+01 -0.35131952E+01
  0.24237107E+01 -0.34749290E+01
  0.24379254E+01 -0.34317383E+01
  0.24521401E+01 -0.33837989E+01
  0.24663548E+01 -0.33314772E+01
  0.24805695E+01 -0.32753200E+01
  0.24947842E+01 -0.32160360E+01
  0.25089989E+01 -0.31544787E+01
  0.25232136E+01 -0.30916368E+01
  0.25374283E+01 -0.30565290E+01
  0.25516430E+01 -0.30745686E+01
  0.25658578E+01 -0.30930835E+01
  0.25800725E+01 -0.31109231E+01
  0.25942872E+01 -0.31270508E+01
  0.26085019E+01 -0.31405746E+01
  0.26227166E+01 -0.31507713E+01
  0.26369313E+01 -0.31571076E+01
  0.26512656E+01 -0.31592565E+01
  0.26655999E+01 -0.31578392E+01
  0.26799342E+01 -0.31536811E+01
  0.26942685E+01 -0.31470805E+01
  0.27086029E+01 -0.31386068E+01
  0.27229372E+01 -0.31292698E+01
  0.27372715E+01 -0.31209479E+01
  0.27516058E+01 -0.31174158E+01
  0.27659401E+01 -0.31258724E+01
  0.27802744E+01 -0.31543767E+01
  0.27946087E+01 -0.32022206E+01
  0.28089430E+01 -0.32618474E+01
  0.28232774E+01 -0.33273144E+01
  0.28376117E+01 -0.33951835E+01
  0.28519460E+01 -0.34632365E+01
  0.28662803E+01 -0.35297402E+01
  0.28806146E+01 -0.35931457E+01
  0.28949489E+01 -0.36520058E+01
  0.29092832E+01 -0.37050243E+01
  0.29236175E+01 -0.37511958E+01
  0.29379519E+01 -0.37899690E+01
  0.29522862E+01 -0.38213417E+01
  0.29666205E+01 -0.38458205E+01
  0.29809548E+01 -0.38642596E+01
  0.29952891E+01 -0.38776612E+01
  0.30096234E+01 -0.38870152E+01
  0.30239577E+01 -0.38932061E+01
  0.30382920E+01 -0.38969778E+01
  0.30526264E+01 -0.38989330E+01
  0.30669607E+01 -0.38995479E+01
  0.30812950E+01 -0.38991897E+01
  0.30956293E+01 -0.38981332E+01
  0.31099636E+01 -0.38965719E+01
  0.31242979E+01 -0.38946257E+01
  0.31386322E+01 -0.38923416E+01
  0.31529666E+01 -0.38896906E+01
  0.31673009E+01 -0.38865576E+01
  0.31816352E+01 -0.38827246E+01
  0.31959695E+01 -0.38778465E+01
  0.32103038E+01 -0.38714201E+01
  0.32246381E+01 -0.38627568E+01
  0.32389724E+01 -0.38509863E+01
  0.32533067E+01 -0.38351471E+01
  0.32676411E+01 -0.38144208E+01
  0.32819754E+01 -0.37884693E+01
  0.32963097E+01 -0.37576596E+01
  0.33106440E+01 -0.37229717E+01
  0.33249783E+01 -0.36856735E+01
  0.33393126E+01 -0.36470206E+01
  0.33536469E+01 -0.36081199E+01
  0.33679812E+01 -0.35699414E+01
  0.33823156E+01 -0.35334575E+01
  0.33966499E+01 -0.35000305E+01
  0.34109842E+01 -0.34726955E+01
  0.34253185E+01 -0.34593355E+01
  0.34396528E+01 -0.34663197E+01
  0.34539871E+01 -0.34846955E+01
  0.34683214E+01 -0.35066334E+01
  0.34826557E+01 -0.35293123E+01
  0.34969901E+01 -0.35515365E+01
  0.35113244E+01 -0.35725673E+01
  0.35256587E+01 -0.35917994E+01
  0.35399930E+01 -0.36086588E+01
  0.35543273E+01 -0.36225784E+01
  0.35686616E+01 -0.36330144E+01
  0.35829959E+01 -0.36394960E+01
  0.35973019E+01 -0.36416961E+01
  
  0.00000000E+00 -0.27047024E+01
  0.14305978E-01 -0.27072815E+01
  0.28611956E-01 -0.27149634E+01
  0.42917934E-01 -0.27276073E+01
  0.57223912E-01 -0.27449913E+01
  0.71529890E-01 -0.27668292E+01
  0.85835868E-01 -0.27927893E+01
  0.10014185E+00 -0.28225134E+01
  0.11444782E+00 -0.28556324E+01
  0.12875380E+00 -0.28917799E+01
  0.14305978E+00 -0.29306013E+01
  0.15736576E+00 -0.29717601E+01
  0.17167174E+00 -0.30149409E+01
  0.18597771E+00 -0.30598510E+01
  0.20028369E+00 -0.31062197E+01
  0.21458967E+00 -0.31537973E+01
  0.22889565E+00 -0.31953926E+01
  0.24320163E+00 -0.32063068E+01
  0.25750760E+00 -0.32187019E+01
  0.27181358E+00 -0.32324459E+01
  0.28611956E+00 -0.32473301E+01
  0.30042554E+00 -0.32630693E+01
  0.31473152E+00 -0.32793069E+01
  0.32903749E+00 -0.32956280E+01
  0.34334347E+00 -0.33115800E+01
  0.35764945E+00 -0.33267037E+01
  0.37195543E+00 -0.33405701E+01
  0.38626141E+00 -0.33528216E+01
  0.40056738E+00 -0.33632077E+01
  0.41487336E+00 -0.33716083E+01
  0.42917934E+00 -0.33780389E+01
  0.44348532E+00 -0.33826360E+01
  0.45779130E+00 -0.33856292E+01
  0.47209727E+00 -0.33873060E+01
  0.48640325E+00 -0.33879781E+01
  0.50070923E+00 -0.33879538E+01
  0.51501521E+00 -0.33875166E+01
  0.52932119E+00 -0.33869111E+01
  0.54362716E+00 -0.33863340E+01
  0.55793314E+00 -0.33859289E+01
  0.57214785E+00 -0.33857830E+01
  0.58636256E+00 -0.33842743E+01
  0.60057727E+00 -0.33798721E+01
  0.61479197E+00 -0.33729083E+01
  0.62900668E+00 -0.33638743E+01
  0.64322139E+00 -0.33533507E+01
  0.65743610E+00 -0.33419393E+01
  0.67165080E+00 -0.33302098E+01
  0.68586551E+00 -0.33186660E+01
  0.70008022E+00 -0.33077291E+01
  0.71429493E+00 -0.32977338E+01
  0.72850964E+00 -0.32889332E+01
  0.74272434E+00 -0.32815081E+01
  0.75693905E+00 -0.32755775E+01
  0.77115376E+00 -0.32712094E+01
  0.78536847E+00 -0.32684304E+01
  0.79958318E+00 -0.32469382E+01
  0.81379788E+00 -0.31887878E+01
  0.82801259E+00 -0.31363617E+01
  0.84222730E+00 -0.30902745E+01
  0.85644201E+00 -0.30510833E+01
  0.87065671E+00 -0.30192477E+01
  0.88487142E+00 -0.29950869E+01
  0.89908613E+00 -0.29787406E+01
  0.91330084E+00 -0.29701439E+01
  0.92751555E+00 -0.29690222E+01
  0.94173025E+00 -0.29749091E+01
  0.95594496E+00 -0.29871836E+01
  0.97015967E+00 -0.30051181E+01
  0.98437438E+00 -0.30279285E+01
  0.99858908E+00 -0.30548181E+01
  0.10128038E+01 -0.30850114E+01
  0.10270185E+01 -0.31177766E+01
  0.10412332E+01 -0.31524388E+01
  0.10554479E+01 -0.31883851E+01
  0.10696626E+01 -0.32250649E+01
  0.10838773E+01 -0.32619864E+01
  0.10980920E+01 -0.32987123E+01
  0.11123067E+01 -0.33348536E+01
  0.11265215E+01 -0.33513262E+01
  0.11407362E+01 -0.33396914E+01
  0.11549509E+01 -0.33270235E+01
  0.11691656E+01 -0.33137423E+01
  0.11833803E+01 -0.33002458E+01
  0.11975950E+01 -0.32869020E+01
  0.12118097E+01 -0.32740462E+01
  0.12260244E+01 -0.32619794E+01
  0.12402391E+01 -0.32509688E+01
  0.12544538E+01 -0.32412482E+01
  0.12686685E+01 -0.32330171E+01
  0.12828832E+01 -0.32264410E+01
  0.12970979E+01 -0.32216499E+01
  0.13113127E+01 -0.32187374E+01
  0.13256186E+01 -0.32177603E+01
  0.13399246E+01 -0.32197571E+01
  0.13542306E+01 -0.32257404E+01
  0.13685366E+01 -0.32356868E+01
  0.13828425E+01 -0.32495559E+01
  0.13971485E+01 -0.32672880E+01
  0.14114545E+01 -0.32888027E+01
  0.14257605E+01 -0.33139969E+01
  0.14400665E+01 -0.33427447E+01
  0.14543724E+01 -0.33748981E+01
  0.14686784E+01 -0.34102883E+01
  0.14829844E+01 -0.34487292E+01
  0.14972904E+01 -0.34608228E+01
  0.15115963E+01 -0.34526269E+01
  0.15259023E+01 -0.34475157E+01
  0.15402083E+01 -0.34456504E+01
  0.15545143E+01 -0.34471269E+01
  0.15688203E+01 -0.34519712E+01
  0.15831262E+01 -0.34601364E+01
  0.15974322E+01 -0.34715014E+01
  0.16117382E+01 -0.34858734E+01
  0.16260442E+01 -0.35029927E+01
  0.16403502E+01 -0.35225412E+01
  0.16546561E+01 -0.35441525E+01
  0.16689621E+01 -0.35674239E+01
  0.16832681E+01 -0.35919285E+01
  0.16975741E+01 -0.36172273E+01
  0.17118800E+01 -0.36428805E+01
  0.17261860E+01 -0.36684572E+01
  0.17404920E+01 -0.36935437E+01
  0.17547980E+01 -0.37177505E+01
  0.17691040E+01 -0.37407177E+01
  0.17834099E+01 -0.37621184E+01
  0.17977159E+01 -0.37816616E+01
  0.18120219E+01 -0.37990935E+01
  0.18263279E+01 -0.38141972E+01
  0.18406338E+01 -0.38267928E+01
  0.18549398E+01 -0.38367356E+01
  0.18692458E+01 -0.38439155E+01
  0.18835518E+01 -0.38482546E+01
  0.18977665E+01 -0.38497068E+01
  0.19119812E+01 -0.38487220E+01
  0.19261959E+01 -0.38458101E+01
  0.19404106E+01 -0.38410955E+01
  0.19546253E+01 -0.38347720E+01
  0.19688400E+01 -0.38270855E+01
  0.19830547E+01 -0.38183143E+01
  0.19972694E+01 -0.38087503E+01
  0.20114841E+01 -0.37986827E+01
  0.20256989E+01 -0.37883851E+01
  0.20399136E+01 -0.37781062E+01
  0.20541283E+01 -0.37680634E+01
  0.20683430E+01 -0.37584388E+01
  0.20825577E+01 -0.37493771E+01
  0.20967724E+01 -0.37409844E+01
  0.21109871E+01 -0.37333285E+01
  0.21252018E+01 -0.37264392E+01
  0.21394165E+01 -0.37203101E+01
  0.21536312E+01 -0.37148999E+01
  0.21678459E+01 -0.37101348E+01
  0.21820606E+01 -0.37059101E+01
  0.21962753E+01 -0.37020919E+01
  0.22104901E+01 -0.36985184E+01
  0.22247048E+01 -0.36950004E+01
  0.22389195E+01 -0.36913207E+01
  0.22531342E+01 -0.36872329E+01
  0.22673489E+01 -0.36687018E+01
  0.22815636E+01 -0.35999439E+01
  0.22957783E+01 -0.35323124E+01
  0.23099930E+01 -0.34662567E+01
  0.23242077E+01 -0.34022803E+01
  0.23384224E+01 -0.33409469E+01
  0.23526371E+01 -0.32828812E+01
  0.23668518E+01 -0.32287640E+01
  0.23810666E+01 -0.31793170E+01
  0.23952813E+01 -0.31352751E+01
  0.24094960E+01 -0.30973421E+01
  0.24237107E+01 -0.30661318E+01
  0.24379254E+01 -0.30420962E+01
  0.24521401E+01 -0.30254543E+01
  0.24663548E+01 -0.30161365E+01
  0.24805695E+01 -0.30137580E+01
  0.24947842E+01 -0.30176321E+01
  0.25089989E+01 -0.30268180E+01
  0.25232136E+01 -0.30401925E+01
  0.25374283E+01 -0.30286357E+01
  0.25516430E+01 -0.29667524E+01
  0.25658578E+01 -0.29074331E+01
  0.25800725E+01 -0.28523134E+01
  0.25942872E+01 -0.28032139E+01
  0.26085019E+01 -0.27620887E+01
  0.26227166E+01 -0.27308939E+01
  0.26369313E+01 -0.27113603E+01
  0.26512656E+01 -0.27047024E+01
  0.26655999E+01 -0.27099482E+01
  0.26799342E+01 -0.27254256E+01
  0.26942685E+01 -0.27503842E+01
  0.27086029E+01 -0.27835973E+01
  0.27229372E+01 -0.28232960E+01
  0.27372715E+01 -0.28668327E+01
  0.27516058E+01 -0.29097165E+01
  0.27659401E+01 -0.29441131E+01
  0.27802744E+01 -0.29614104E+01
  0.27946087E+01 -0.29618255E+01
  0.28089430E+01 -0.29524548E+01
  0.28232774E+01 -0.29387691E+01
  0.28376117E+01 -0.29236791E+01
  0.28519460E+01 -0.29087754E+01
  0.28662803E+01 -0.28950286E+01
  0.28806146E+01 -0.28830802E+01
  0.28949489E+01 -0.28733616E+01
  0.29092832E+01 -0.28661472E+01
  0.29236175E+01 -0.28615817E+01
  0.29379519E+01 -0.28596989E+01
  0.29522862E+01 -0.28604404E+01
  0.29666205E+01 -0.28636723E+01
  0.29809548E+01 -0.28692043E+01
  0.29952891E+01 -0.28768073E+01
  0.30096234E+01 -0.28862294E+01
  0.30239577E+01 -0.28972105E+01
  0.30382920E+01 -0.29094941E+01
  0.30526264E+01 -0.29228364E+01
  0.30669607E+01 -0.29370137E+01
  0.30812950E+01 -0.29518270E+01
  0.30956293E+01 -0.29671056E+01
  0.31099636E+01 -0.29827087E+01
  0.31242979E+01 -0.29985269E+01
  0.31386322E+01 -0.30144818E+01
  0.31529666E+01 -0.30305265E+01
  0.31673009E+01 -0.30466442E+01
  0.31816352E+01 -0.30628473E+01
  0.31959695E+01 -0.30791747E+01
  0.32103038E+01 -0.30956887E+01
  0.32246381E+01 -0.31124701E+01
  0.32389724E+01 -0.31296122E+01
  0.32533067E+01 -0.31472146E+01
  0.32676411E+01 -0.31653750E+01
  0.32819754E+01 -0.31841819E+01
  0.32963097E+01 -0.32037062E+01
  0.33106440E+01 -0.32239931E+01
  0.33249783E+01 -0.32450523E+01
  0.33393126E+01 -0.32668456E+01
  0.33536469E+01 -0.32892662E+01
  0.33679812E+01 -0.33120952E+01
  0.33823156E+01 -0.33348892E+01
  0.33966499E+01 -0.33566328E+01
  0.34109842E+01 -0.33744924E+01
  0.34253185E+01 -0.33806694E+01
  0.34396528E+01 -0.33687822E+01
  0.34539871E+01 -0.33476896E+01
  0.34683214E+01 -0.33250555E+01
  0.34826557E+01 -0.33034686E+01
  0.34969901E+01 -0.32838293E+01
  0.35113244E+01 -0.32665179E+01
  0.35256587E+01 -0.32517210E+01
  0.35399930E+01 -0.32395387E+01
  0.35543273E+01 -0.32300267E+01
  0.35686616E+01 -0.32232164E+01
  0.35829959E+01 -0.32191248E+01
  0.35973019E+01 -0.32177603E+01
  
  0.00000000E+00 -0.12166390E+01
  0.14305978E-01 -0.12177434E+01
  0.28611956E-01 -0.12210284E+01
  0.42917934E-01 -0.12264087E+01
  0.57223912E-01 -0.12337451E+01
  0.71529890E-01 -0.12428478E+01
  0.85835868E-01 -0.12534816E+01
  0.10014185E+00 -0.12653723E+01
  0.11444782E+00 -0.12782138E+01
  0.12875380E+00 -0.12916763E+01
  0.14305978E+00 -0.13054153E+01
  0.15736576E+00 -0.13190809E+01
  0.17167174E+00 -0.13323283E+01
  0.18597771E+00 -0.13448289E+01
  0.20028369E+00 -0.13562818E+01
  0.21458967E+00 -0.13664270E+01
  0.22889565E+00 -0.13750585E+01
  0.24320163E+00 -0.13820383E+01
  0.25750760E+00 -0.13873125E+01
  0.27181358E+00 -0.13909271E+01
  0.28611956E+00 -0.13930482E+01
  0.30042554E+00 -0.13939842E+01
  0.31473152E+00 -0.13942111E+01
  0.32903749E+00 -0.13943913E+01
  0.34334347E+00 -0.13953627E+01
  0.35764945E+00 -0.13980478E+01
  0.37195543E+00 -0.14032423E+01
  0.38626141E+00 -0.14113374E+01
  0.40056738E+00 -0.14221661E+01
  0.41487336E+00 -0.14351096E+01
  0.42917934E+00 -0.14493561E+01
  0.44348532E+00 -0.14641139E+01
  0.45779130E+00 -0.14787094E+01
  0.47209727E+00 -0.14926018E+01
  0.48640325E+00 -0.15053653E+01
  0.50070923E+00 -0.15166656E+01
  0.51501521E+00 -0.15262411E+01
  0.52932119E+00 -0.15338892E+01
  0.54362716E+00 -0.15394577E+01
  0.55793314E+00 -0.15428407E+01
  0.57214785E+00 -0.15439752E+01
  0.58636256E+00 -0.15435716E+01
  0.60057727E+00 -0.15423623E+01
  0.61479197E+00 -0.15403519E+01
  0.62900668E+00 -0.15375480E+01
  0.64322139E+00 -0.15339617E+01
  0.65743610E+00 -0.15296082E+01
  0.67165080E+00 -0.15245067E+01
  0.68586551E+00 -0.15186816E+01
  0.70008022E+00 -0.15121636E+01
  0.71429493E+00 -0.15049902E+01
  0.72850964E+00 -0.14972079E+01
  0.74272434E+00 -0.14888733E+01
  0.75693905E+00 -0.14800555E+01
  0.77115376E+00 -0.14708373E+01
  0.78536847E+00 -0.14613164E+01
  0.79958318E+00 -0.14516034E+01
  0.81379788E+00 -0.14418158E+01
  0.82801259E+00 -0.14320633E+01
  0.84222730E+00 -0.14224225E+01
  0.85644201E+00 -0.14129016E+01
  0.87065671E+00 -0.14034040E+01
  0.88487142E+00 -0.13937120E+01
  0.89908613E+00 -0.13835115E+01
  0.91330084E+00 -0.13724593E+01
  0.92751555E+00 -0.13602703E+01
  0.94173025E+00 -0.13467846E+01
  0.95594496E+00 -0.13319911E+01
  0.97015967E+00 -0.13160092E+01
  0.98437438E+00 -0.12990461E+01
  0.99858908E+00 -0.12813503E+01
  0.10128038E+01 -0.12631741E+01
  0.10270185E+01 -0.12447499E+01
  0.10412332E+01 -0.12262802E+01
  0.10554479E+01 -0.12079353E+01
  0.10696626E+01 -0.11898571E+01
  0.10838773E+01 -0.11721649E+01
  0.10980920E+01 -0.11549604E+01
  0.11123067E+01 -0.11383331E+01
  0.11265215E+01 -0.11223641E+01
  0.11407362E+01 -0.11071281E+01
  0.11549509E+01 -0.10926957E+01
  0.11691656E+01 -0.10791339E+01
  0.11833803E+01 -0.10665069E+01
  0.11975950E+01 -0.10548753E+01
  0.12118097E+01 -0.10442967E+01
  0.12260244E+01 -0.10348246E+01
  0.12402391E+01 -0.10265082E+01
  0.12544538E+01 -0.10193915E+01
  0.12686685E+01 -0.10135133E+01
  0.12828832E+01 -0.10089060E+01
  0.12970979E+01 -0.10055956E+01
  0.13113127E+01 -0.10036011E+01
  0.13256186E+01 -0.10029342E+01
  0.13399246E+01 -0.10037402E+01
  0.13542306E+01 -0.10061563E+01
  0.13685366E+01 -0.10101772E+01
  0.13828425E+01 -0.10157867E+01
  0.13971485E+01 -0.10229484E+01
  0.14114545E+01 -0.10315959E+01
  0.14257605E+01 -0.10416253E+01
  0.14400665E+01 -0.10528908E+01
  0.14543724E+01 -0.10652067E+01
  0.14686784E+01 -0.10783530E+01
  0.14829844E+01 -0.10920848E+01
  0.14972904E+01 -0.11061442E+01
  0.15115963E+01 -0.11202710E+01
  0.15259023E+01 -0.11342140E+01
  0.15402083E+01 -0.11477386E+01
  0.15545143E+01 -0.11606340E+01
  0.15688203E+01 -0.11727171E+01
  0.15831262E+01 -0.11838360E+01
  0.15974322E+01 -0.11938710E+01
  0.16117382E+01 -0.12027354E+01
  0.16260442E+01 -0.12103750E+01
  0.16403502E+01 -0.12167667E+01
  0.16546561E+01 -0.12219165E+01
  0.16689621E+01 -0.12258571E+01
  0.16832681E+01 -0.12286452E+01
  0.16975741E+01 -0.12303585E+01
  0.17118800E+01 -0.12310926E+01
  0.17261860E+01 -0.12309588E+01
  0.17404920E+01 -0.12300806E+01
  0.17547980E+01 -0.12285917E+01
  0.17691040E+01 -0.12266333E+01
  0.17834099E+01 -0.12243512E+01
  0.17977159E+01 -0.12218924E+01
  0.18120219E+01 -0.12194020E+01
  0.18263279E+01 -0.12170191E+01
  0.18406338E+01 -0.12148721E+01
  0.18549398E+01 -0.12130741E+01
  0.18692458E+01 -0.12117191E+01
  0.18835518E+01 -0.12108771E+01
  0.18977665E+01 -0.12105916E+01
  0.19119812E+01 -0.12106165E+01
  0.19261959E+01 -0.12106605E+01
  0.19404106E+01 -0.12106339E+01
  0.19546253E+01 -0.12103985E+01
  0.19688400E+01 -0.12097803E+01
  0.19830547E+01 -0.12085858E+01
  0.19972694E+01 -0.12066167E+01
  0.20114841E+01 -0.12036831E+01
  0.20256989E+01 -0.11996143E+01
  0.20399136E+01 -0.11942671E+01
  0.20541283E+01 -0.11875313E+01
  0.20683430E+01 -0.11793330E+01
  0.20825577E+01 -0.11696368E+01
  0.20967724E+01 -0.11584463E+01
  0.21109871E+01 -0.11458026E+01
  0.21252018E+01 -0.11317822E+01
  0.21394165E+01 -0.11164945E+01
  0.21536312E+01 -0.11000769E+01
  0.21678459E+01 -0.10826909E+01
  0.21820606E+01 -0.10645167E+01
  0.21962753E+01 -0.10457478E+01
  0.22104901E+01 -0.10265862E+01
  0.22247048E+01 -0.10072362E+01
  0.22389195E+01 -0.98789931E+00
  0.22531342E+01 -0.96876948E+00
  0.22673489E+01 -0.95002783E+00
  0.22815636E+01 -0.93183873E+00
  0.22957783E+01 -0.96639600E+00
  0.23099930E+01 -0.10177048E+01
  0.23242077E+01 -0.10677928E+01
  0.23384224E+01 -0.11161311E+01
  0.23526371E+01 -0.11621212E+01
  0.23668518E+01 -0.12050995E+01
  0.23810666E+01 -0.12443518E+01
  0.23952813E+01 -0.12791408E+01
  0.24094960E+01 -0.13087492E+01
  0.24237107E+01 -0.13325401E+01
  0.24379254E+01 -0.13500277E+01
  0.24521401E+01 -0.13609505E+01
  0.24663548E+01 -0.13653284E+01
  0.24805695E+01 -0.13634911E+01
  0.24947842E+01 -0.13560675E+01
  0.25089989E+01 -0.13439389E+01
  0.25232136E+01 -0.13281697E+01
  0.25374283E+01 -0.13099282E+01
  0.25516430E+01 -0.12904143E+01
  0.25658578E+01 -0.12707974E+01
  0.25800725E+01 -0.12521688E+01
  0.25942872E+01 -0.12355050E+01
  0.26085019E+01 -0.12216398E+01
  0.26227166E+01 -0.12112439E+01
  0.26369313E+01 -0.12100088E+01
  0.26512656E+01 -0.12166390E+01
  0.26655999E+01 -0.12128097E+01
  0.26799342E+01 -0.12067911E+01
  0.26942685E+01 -0.12102126E+01
  0.27086029E+01 -0.12153900E+01
  0.27229372E+01 -0.12216985E+01
  0.27372715E+01 -0.12288062E+01
  0.27516058E+01 -0.12363558E+01
  0.27659401E+01 -0.12439549E+01
  0.27802744E+01 -0.12511852E+01
  0.27946087E+01 -0.12576140E+01
  0.28089430E+01 -0.12628082E+01
  0.28232774E+01 -0.12663489E+01
  0.28376117E+01 -0.12678472E+01
  0.28519460E+01 -0.12669601E+01
  0.28662803E+01 -0.12634071E+01
  0.28806146E+01 -0.12569852E+01
  0.28949489E+01 -0.12475814E+01
  0.29092832E+01 -0.12351816E+01
  0.29236175E+01 -0.12198743E+01
  0.29379519E+01 -0.12018504E+01
  0.29522862E+01 -0.11814018E+01
  0.29666205E+01 -0.11589245E+01
  0.29809548E+01 -0.11349393E+01
  0.29952891E+01 -0.11101621E+01
  0.30096234E+01 -0.10856995E+01
  0.30239577E+01 -0.10635393E+01
  0.30382920E+01 -0.10472823E+01
  0.30526264E+01 -0.10407675E+01
  0.30669607E+01 -0.10432378E+01
  0.30812950E+01 -0.10507655E+01
  0.30956293E+01 -0.10606125E+01
  0.31099636E+01 -0.10714512E+01
  0.31242979E+01 -0.10826246E+01
  0.31386322E+01 -0.10937597E+01
  0.31529666E+01 -0.11046086E+01
  0.31673009E+01 -0.11149812E+01
  0.31816352E+01 -0.11247150E+01
  0.31959695E+01 -0.11336605E+01
  0.32103038E+01 -0.11416753E+01
  0.32246381E+01 -0.11486214E+01
  0.32389724E+01 -0.11543666E+01
  0.32533067E+01 -0.11587870E+01
  0.32676411E+01 -0.11617709E+01
  0.32819754E+01 -0.11632239E+01
  0.32963097E+01 -0.11630742E+01
  0.33106440E+01 -0.11612784E+01
  0.33249783E+01 -0.11578261E+01
  0.33393126E+01 -0.11527455E+01
  0.33536469E+01 -0.11461068E+01
  0.33679812E+01 -0.11380249E+01
  0.33823156E+01 -0.11286599E+01
  0.33966499E+01 -0.11182160E+01
  0.34109842E+01 -0.11069367E+01
  0.34253185E+01 -0.10950981E+01
  0.34396528E+01 -0.10829982E+01
  0.34539871E+01 -0.10709448E+01
  0.34683214E+01 -0.10592413E+01
  0.34826557E+01 -0.10481713E+01
  0.34969901E+01 -0.10379854E+01
  0.35113244E+01 -0.10288903E+01
  0.35256587E+01 -0.10210428E+01
  0.35399930E+01 -0.10145492E+01
  0.35543273E+01 -0.10094721E+01
  0.35686616E+01 -0.10058401E+01
  0.35829959E+01 -0.10036610E+01
  0.35973019E+01 -0.10029342E+01
  
  0.00000000E+00 -0.12026294E+01
  0.14305978E-01 -0.12007598E+01
  0.28611956E-01 -0.11952150E+01
  0.42917934E-01 -0.11861314E+01
  0.57223912E-01 -0.11737230E+01
  0.71529890E-01 -0.11582640E+01
  0.85835868E-01 -0.11400706E+01
  0.10014185E+00 -0.11194822E+01
  0.11444782E+00 -0.10968449E+01
  0.12875380E+00 -0.10724993E+01
  0.14305978E+00 -0.10467707E+01
  0.15736576E+00 -0.10199634E+01
  0.17167174E+00 -0.99235780E+00
  0.18597771E+00 -0.96420892E+00
  0.20028369E+00 -0.93683741E+00
  0.21458967E+00 -0.96111402E+00
  0.22889565E+00 -0.98599698E+00
  0.24320163E+00 -0.10112686E+01
  0.25750760E+00 -0.10366796E+01
  0.27181358E+00 -0.10619368E+01
  0.28611956E+00 -0.10866871E+01
  0.30042554E+00 -0.11104936E+01
  0.31473152E+00 -0.11328089E+01
  0.32903749E+00 -0.11529506E+01
  0.34334347E+00 -0.11701072E+01
  0.35764945E+00 -0.11834207E+01
  0.37195543E+00 -0.11921916E+01
  0.38626141E+00 -0.11961497E+01
  0.40056738E+00 -0.11956009E+01
  0.41487336E+00 -0.11913154E+01
  0.42917934E+00 -0.11842640E+01
  0.44348532E+00 -0.11753998E+01
  0.45779130E+00 -0.11655573E+01
  0.47209727E+00 -0.11554332E+01
  0.48640325E+00 -0.11456005E+01
  0.50070923E+00 -0.11365291E+01
  0.51501521E+00 -0.11286015E+01
  0.52932119E+00 -0.11221234E+01
  0.54362716E+00 -0.11173296E+01
  0.55793314E+00 -0.11143868E+01
  0.57214785E+00 -0.11133949E+01
  0.58636256E+00 -0.11106455E+01
  0.60057727E+00 -0.11024411E+01
  0.61479197E+00 -0.10889154E+01
  0.62900668E+00 -0.10702883E+01
  0.64322139E+00 -0.10468619E+01
  0.65743610E+00 -0.10190144E+01
  0.67165080E+00 -0.98719310E+00
  0.68586551E+00 -0.95190604E+00
  0.70008022E+00 -0.91371235E+00
  0.71429493E+00 -0.87321208E+00
  0.72850964E+00 -0.83103517E+00
  0.74272434E+00 -0.79887780E+00
  0.75693905E+00 -0.84036598E+00
  0.77115376E+00 -0.88095623E+00
  0.78536847E+00 -0.91982269E+00
  0.79958318E+00 -0.95610950E+00
  0.81379788E+00 -0.98894556E+00
  0.82801259E+00 -0.10174742E+01
  0.84222730E+00 -0.10409026E+01
  0.85644201E+00 -0.10585699E+01
  0.87065671E+00 -0.10700247E+01
  0.88487142E+00 -0.10750848E+01
  0.89908613E+00 -0.10738519E+01
  0.91330084E+00 -0.10666692E+01
  0.92751555E+00 -0.10540385E+01
  0.94173025E+00 -0.10365354E+01
  0.95594496E+00 -0.10147471E+01
  0.97015967E+00 -0.98924259E+00
  0.98437438E+00 -0.96056452E+00
  0.99858908E+00 -0.92923199E+00
  0.10128038E+01 -0.89574409E+00
  0.10270185E+01 -0.86058107E+00
  0.10412332E+01 -0.82420265E+00
  0.10554479E+01 -0.78704497E+00
  0.10696626E+01 -0.74951770E+00
  0.10838773E+01 -0.71200212E+00
  0.10980920E+01 -0.67485060E+00
  0.11123067E+01 -0.63838734E+00
  0.11265215E+01 -0.60290996E+00
  0.11407362E+01 -0.57940876E+00
  0.11549509E+01 -0.60210551E+00
  0.11691656E+01 -0.62430629E+00
  0.11833803E+01 -0.64572360E+00
  0.11975950E+01 -0.66607982E+00
  0.12118097E+01 -0.68510944E+00
  0.12260244E+01 -0.70256186E+00
  0.12402391E+01 -0.71820450E+00
  0.12544538E+01 -0.73182621E+00
  0.12686685E+01 -0.74324075E+00
  0.12828832E+01 -0.75229012E+00
  0.12970979E+01 -0.75884766E+00
  0.13113127E+01 -0.76282070E+00
  0.13256186E+01 -0.76415257E+00
  0.13399246E+01 -0.76561342E+00
  0.13542306E+01 -0.76996815E+00
  0.13685366E+01 -0.77708635E+00
  0.13828425E+01 -0.78675430E+00
  0.13971485E+01 -0.79868155E+00
  0.14114545E+01 -0.81250966E+00
  0.14257605E+01 -0.82782271E+00
  0.14400665E+01 -0.84415921E+00
  0.14543724E+01 -0.86102500E+00
  0.14686784E+01 -0.87790678E+00
  0.14829844E+01 -0.89428624E+00
  0.14972904E+01 -0.90965434E+00
  0.15115963E+01 -0.92352576E+00
  0.15259023E+01 -0.93545313E+00
  0.15402083E+01 -0.94504061E+00
  0.15545143E+01 -0.95195616E+00
  0.15688203E+01 -0.95594185E+00
  0.15831262E+01 -0.95682134E+00
  0.15974322E+01 -0.95450403E+00
  0.16117382E+01 -0.94898542E+00
  0.16260442E+01 -0.94034395E+00
  0.16403502E+01 -0.92873474E+00
  0.16546561E+01 -0.91438107E+00
  0.16689621E+01 -0.89756467E+00
  0.16832681E+01 -0.87861581E+00
  0.16975741E+01 -0.85790392E+00
  0.17118800E+01 -0.83582926E+00
  0.17261860E+01 -0.81281573E+00
  0.17404920E+01 -0.78930469E+00
  0.17547980E+01 -0.76574926E+00
  0.17691040E+01 -0.74260853E+00
  0.17834099E+01 -0.72034124E+00
  0.17977159E+01 -0.69939832E+00
  0.18120219E+01 -0.68021429E+00
  0.18263279E+01 -0.66319728E+00
  0.18406338E+01 -0.64871832E+00
  0.18549398E+01 -0.63710020E+00
  0.18692458E+01 -0.62860681E+00
  0.18835518E+01 -0.62343379E+00
  0.18977665E+01 -0.62170112E+00
  0.19119812E+01 -0.62024330E+00
  0.19261959E+01 -0.61590593E+00
  0.19404106E+01 -0.60879821E+00
  0.19546253E+01 -0.59909190E+00
  0.19688400E+01 -0.58700801E+00
  0.19830547E+01 -0.57280199E+00
  0.19972694E+01 -0.55674963E+00
  0.20114841E+01 -0.53913504E+00
  0.20256989E+01 -0.52024160E+00
  0.20399136E+01 -0.50034569E+00
  0.20541283E+01 -0.47971286E+00
  0.20683430E+01 -0.45859597E+00
  0.20825577E+01 -0.43723456E+00
  0.20967724E+01 -0.41585518E+00
  0.21109871E+01 -0.39467241E+00
  0.21252018E+01 -0.37389083E+00
  0.21394165E+01 -0.41653422E+00
  0.21536312E+01 -0.46143856E+00
  0.21678459E+01 -0.50782907E+00
  0.21820606E+01 -0.55557789E+00
  0.21962753E+01 -0.60454926E+00
  0.22104901E+01 -0.65459570E+00
  0.22247048E+01 -0.70555334E+00
  0.22389195E+01 -0.75723660E+00
  0.22531342E+01 -0.80943209E+00
  0.22673489E+01 -0.86189189E+00
  0.22815636E+01 -0.91432619E+00
  0.22957783E+01 -0.91434590E+00
  0.23099930E+01 -0.89767074E+00
  0.23242077E+01 -0.88190998E+00
  0.23384224E+01 -0.86713610E+00
  0.23526371E+01 -0.85339811E+00
  0.23668518E+01 -0.84072360E+00
  0.23810666E+01 -0.82912179E+00
  0.23952813E+01 -0.81858737E+00
  0.24094960E+01 -0.80910554E+00
  0.24237107E+01 -0.80065897E+00
  0.24379254E+01 -0.79323919E+00
  0.24521401E+01 -0.78686996E+00
  0.24663548E+01 -0.78166928E+00
  0.24805695E+01 -0.77806704E+00
  0.24947842E+01 -0.77791363E+00
  0.25089989E+01 -0.79181822E+00
  0.25232136E+01 -0.83766704E+00
  0.25374283E+01 -0.89651670E+00
  0.25516430E+01 -0.95680644E+00
  0.25658578E+01 -0.10152871E+01
  0.25800725E+01 -0.10698849E+01
  0.25942872E+01 -0.11186343E+01
  0.26085019E+01 -0.11595217E+01
  0.26227166E+01 -0.11905620E+01
  0.26369313E+01 -0.12048074E+01
  0.26512656E+01 -0.12026294E+01
  0.26655999E+01 -0.12032977E+01
  0.26799342E+01 -0.12000028E+01
  0.26942685E+01 -0.11815448E+01
  0.27086029E+01 -0.11562225E+01
  0.27229372E+01 -0.11253539E+01
  0.27372715E+01 -0.10899455E+01
  0.27516058E+01 -0.10509473E+01
  0.27659401E+01 -0.10092317E+01
  0.27802744E+01 -0.96559183E+00
  0.27946087E+01 -0.92078657E+00
  0.28089430E+01 -0.87578084E+00
  0.28232774E+01 -0.83420630E+00
  0.28376117E+01 -0.82158622E+00
  0.28519460E+01 -0.82876330E+00
  0.28662803E+01 -0.83833221E+00
  0.28806146E+01 -0.84872684E+00
  0.28949489E+01 -0.85964300E+00
  0.29092832E+01 -0.87095343E+00
  0.29236175E+01 -0.88256857E+00
  0.29379519E+01 -0.89440000E+00
  0.29522862E+01 -0.90634104E+00
  0.29666205E+01 -0.91824449E+00
  0.29809548E+01 -0.92988192E+00
  0.29952891E+01 -0.94085469E+00
  0.30096234E+01 -0.95038012E+00
  0.30239577E+01 -0.95678569E+00
  0.30382920E+01 -0.95676452E+00
  0.30526264E+01 -0.94674085E+00
  0.30669607E+01 -0.92769799E+00
  0.30812950E+01 -0.90374888E+00
  0.30956293E+01 -0.87777476E+00
  0.31099636E+01 -0.85120383E+00
  0.31242979E+01 -0.82475302E+00
  0.31386322E+01 -0.79881613E+00
  0.31529666E+01 -0.77362535E+00
  0.31673009E+01 -0.74932161E+00
  0.31816352E+01 -0.72598884E+00
  0.31959695E+01 -0.70367368E+00
  0.32103038E+01 -0.68239964E+00
  0.32246381E+01 -0.66218072E+00
  0.32389724E+01 -0.64303936E+00
  0.32533067E+01 -0.62503828E+00
  0.32676411E+01 -0.60835123E+00
  0.32819754E+01 -0.59345264E+00
  0.32963097E+01 -0.58169147E+00
  0.33106440E+01 -0.57666963E+00
  0.33249783E+01 -0.58290019E+00
  0.33393126E+01 -0.59764362E+00
  0.33536469E+01 -0.61537576E+00
  0.33679812E+01 -0.63350031E+00
  0.33823156E+01 -0.65102833E+00
  0.33966499E+01 -0.66753219E+00
  0.34109842E+01 -0.68279960E+00
  0.34253185E+01 -0.69671679E+00
  0.34396528E+01 -0.70922398E+00
  0.34539871E+01 -0.72029705E+00
  0.34683214E+01 -0.72994028E+00
  0.34826557E+01 -0.73818407E+00
  0.34969901E+01 -0.74508437E+00
  0.35113244E+01 -0.75072181E+00
  0.35256587E+01 -0.75519845E+00
  0.35399930E+01 -0.75863119E+00
  0.35543273E+01 -0.76114156E+00
  0.35686616E+01 -0.76284289E+00
  0.35829959E+01 -0.76382695E+00
  0.35973019E+01 -0.76415257E+00
  
  0.00000000E+00 -0.74583606E+00
  0.14305978E-01 -0.74694522E+00
  0.28611956E-01 -0.75025970E+00
  0.42917934E-01 -0.75575140E+00
  0.57223912E-01 -0.76337462E+00
  0.71529890E-01 -0.77306721E+00
  0.85835868E-01 -0.78475212E+00
  0.10014185E+00 -0.79833889E+00
  0.11444782E+00 -0.81372518E+00
  0.12875380E+00 -0.83079798E+00
  0.14305978E+00 -0.84943462E+00
  0.15736576E+00 -0.86950317E+00
  0.17167174E+00 -0.89086247E+00
  0.18597771E+00 -0.91336139E+00
  0.20028369E+00 -0.93574710E+00
  0.21458967E+00 -0.90717912E+00
  0.22889565E+00 -0.87869001E+00
  0.24320163E+00 -0.85044510E+00
  0.25750760E+00 -0.82259203E+00
  0.27181358E+00 -0.79526273E+00
  0.28611956E+00 -0.76857524E+00
  0.30042554E+00 -0.74263534E+00
  0.31473152E+00 -0.71753801E+00
  0.32903749E+00 -0.69336875E+00
  0.34334347E+00 -0.67020472E+00
  0.35764945E+00 -0.64811581E+00
  0.37195543E+00 -0.62716550E+00
  0.38626141E+00 -0.60741172E+00
  0.40056738E+00 -0.58890749E+00
  0.41487336E+00 -0.57170150E+00
  0.42917934E+00 -0.55583850E+00
  0.44348532E+00 -0.54135962E+00
  0.45779130E+00 -0.52830243E+00
  0.47209727E+00 -0.51670103E+00
  0.48640325E+00 -0.50658590E+00
  0.50070923E+00 -0.49798371E+00
  0.51501521E+00 -0.49091713E+00
  0.52932119E+00 -0.48540464E+00
  0.54362716E+00 -0.48146034E+00
  0.55793314E+00 -0.47909386E+00
  0.57214785E+00 -0.47831037E+00
  0.58636256E+00 -0.48108176E+00
  0.60057727E+00 -0.48934114E+00
  0.61479197E+00 -0.50293436E+00
  0.62900668E+00 -0.52161029E+00
  0.64322139E+00 -0.54502857E+00
  0.65743610E+00 -0.57276916E+00
  0.67165080E+00 -0.60434269E+00
  0.68586551E+00 -0.63920065E+00
  0.70008022E+00 -0.67674428E+00
  0.71429493E+00 -0.71633157E+00
  0.72850964E+00 -0.75728182E+00
  0.74272434E+00 -0.78782990E+00
  0.75693905E+00 -0.74425081E+00
  0.77115376E+00 -0.70094620E+00
  0.78536847E+00 -0.65854561E+00
  0.79958318E+00 -0.61764734E+00
  0.81379788E+00 -0.57880658E+00
  0.82801259E+00 -0.54252450E+00
  0.84222730E+00 -0.50923893E+00
  0.85644201E+00 -0.47931691E+00
  0.87065671E+00 -0.45304969E+00
  0.88487142E+00 -0.43065021E+00
  0.89908613E+00 -0.41225319E+00
  0.91330084E+00 -0.39791771E+00
  0.92751555E+00 -0.38763193E+00
  0.94173025E+00 -0.38131951E+00
  0.95594496E+00 -0.37884729E+00
  0.97015967E+00 -0.38003357E+00
  0.98437438E+00 -0.38465665E+00
  0.99858908E+00 -0.39246297E+00
  0.10128038E+01 -0.40317474E+00
  0.10270185E+01 -0.41649660E+00
  0.10412332E+01 -0.43212138E+00
  0.10554479E+01 -0.44973469E+00
  0.10696626E+01 -0.46901860E+00
  0.10838773E+01 -0.48965437E+00
  0.10980920E+01 -0.51132440E+00
  0.11123067E+01 -0.53371365E+00
  0.11265215E+01 -0.55651067E+00
  0.11407362E+01 -0.56869123E+00
  0.11549509E+01 -0.53598265E+00
  0.11691656E+01 -0.50501411E+00
  0.11833803E+01 -0.47599771E+00
  0.11975950E+01 -0.44912818E+00
  0.12118097E+01 -0.42458378E+00
  0.12260244E+01 -0.40252662E+00
  0.12402391E+01 -0.38310252E+00
  0.12544538E+01 -0.36644047E+00
  0.12686685E+01 -0.35265189E+00
  0.12828832E+01 -0.34182960E+00
  0.12970979E+01 -0.33404692E+00
  0.13113127E+01 -0.32935680E+00
  0.13256186E+01 -0.32779109E+00
  0.13399246E+01 -0.32762901E+00
  0.13542306E+01 -0.32710777E+00
  0.13685366E+01 -0.32612338E+00
  0.13828425E+01 -0.32451890E+00
  0.13971485E+01 -0.32210608E+00
  0.14114545E+01 -0.31869036E+00
  0.14257605E+01 -0.31409508E+00
  0.14400665E+01 -0.30818139E+00
  0.14543724E+01 -0.30086143E+00
  0.14686784E+01 -0.29210415E+00
  0.14829844E+01 -0.28193439E+00
  0.14972904E+01 -0.27042725E+00
  0.15115963E+01 -0.25769947E+00
  0.15259023E+01 -0.24390018E+00
  0.15402083E+01 -0.22920199E+00
  0.15545143E+01 -0.21379331E+00
  0.15688203E+01 -0.19787207E+00
  0.15831262E+01 -0.18164074E+00
  0.15974322E+01 -0.16530214E+00
  0.16117382E+01 -0.14905576E+00
  0.16260442E+01 -0.13309429E+00
  0.16403502E+01 -0.11760000E+00
  0.16546561E+01 -0.10274104E+00
  0.16689621E+01 -0.88667640E-01
  0.16832681E+01 -0.75508443E-01
  0.16975741E+01 -0.63367200E-01
  0.17118800E+01 -0.52320123E-01
  0.17261860E+01 -0.42414193E-01
  0.17404920E+01 -0.33666649E-01
  0.17547980E+01 -0.26065806E-01
  0.17691040E+01 -0.19573280E-01
  0.17834099E+01 -0.14127551E-01
  0.17977159E+01 -0.96487368E-02
  0.18120219E+01 -0.60443291E-02
  0.18263279E+01 -0.32155841E-02
  0.18406338E+01 -0.10642073E-02
  0.18549398E+01  0.50106475E-03
  0.18692458E+01  0.15583868E-02
  0.18835518E+01  0.21676119E-02
  0.18977665E+01  0.23663185E-02
  0.19119812E+01  0.72313873E-03
  0.19261959E+01 -0.41943478E-02
  0.19404106E+01 -0.12354922E-01
  0.19546253E+01 -0.23707863E-01
  0.19688400E+01 -0.38184617E-01
  0.19830547E+01 -0.55700941E-01
  0.19972694E+01 -0.76159377E-01
  0.20114841E+01 -0.99451879E-01
  0.20256989E+01 -0.12546246E+00
  0.20399136E+01 -0.15406968E+00
  0.20541283E+01 -0.18514890E+00
  0.20683430E+01 -0.21857419E+00
  0.20825577E+01 -0.25421974E+00
  0.20967724E+01 -0.29196088E+00
  0.21109871E+01 -0.33167455E+00
  0.21252018E+01 -0.37323872E+00
  0.21394165E+01 -0.35370465E+00
  0.21536312E+01 -0.33430541E+00
  0.21678459E+01 -0.31588041E+00
  0.21820606E+01 -0.29861946E+00
  0.21962753E+01 -0.28271925E+00
  0.22104901E+01 -0.26838861E+00
  0.22247048E+01 -0.25585369E+00
  0.22389195E+01 -0.24536243E+00
  0.22531342E+01 -0.23718743E+00
  0.22673489E+01 -0.23162655E+00
  0.22815636E+01 -0.22900041E+00
  0.22957783E+01 -0.22964640E+00
  0.23099930E+01 -0.23390899E+00
  0.23242077E+01 -0.24212676E+00
  0.23384224E+01 -0.25461676E+00
  0.23526371E+01 -0.27165741E+00
  0.23668518E+01 -0.29347105E+00
  0.23810666E+01 -0.32020750E+00
  0.23952813E+01 -0.35192944E+00
  0.24094960E+01 -0.38860005E+00
  0.24237107E+01 -0.43007203E+00
  0.24379254E+01 -0.47607537E+00
  0.24521401E+01 -0.52619516E+00
  0.24663548E+01 -0.57981199E+00
  0.24805695E+01 -0.63588607E+00
  0.24947842E+01 -0.69184826E+00
  0.25089989E+01 -0.73625760E+00
  0.25232136E+01 -0.75027361E+00
  0.25374283E+01 -0.75174725E+00
  0.25516430E+01 -0.75098760E+00
  0.25658578E+01 -0.74980951E+00
  0.25800725E+01 -0.74865264E+00
  0.25942872E+01 -0.74765500E+00
  0.26085019E+01 -0.74686401E+00
  0.26227166E+01 -0.74629511E+00
  0.26369313E+01 -0.74595229E+00
  0.26512656E+01 -0.74583606E+00
  0.26655999E+01 -0.74631873E+00
  0.26799342E+01 -0.74775189E+00
  0.26942685E+01 -0.75011309E+00
  0.27086029E+01 -0.75336792E+00
  0.27229372E+01 -0.75747241E+00
  0.27372715E+01 -0.76237518E+00
  0.27516058E+01 -0.76801810E+00
  0.27659401E+01 -0.77433381E+00
  0.27802744E+01 -0.78123385E+00
  0.27946087E+01 -0.78856355E+00
  0.28089430E+01 -0.79587035E+00
  0.28232774E+01 -0.79995523E+00
  0.28376117E+01 -0.77566086E+00
  0.28519460E+01 -0.73245622E+00
  0.28662803E+01 -0.68801531E+00
  0.28806146E+01 -0.64413967E+00
  0.28949489E+01 -0.60134375E+00
  0.29092832E+01 -0.55994602E+00
  0.29236175E+01 -0.52021148E+00
  0.29379519E+01 -0.48238761E+00
  0.29522862E+01 -0.44671685E+00
  0.29666205E+01 -0.41344109E+00
  0.29809548E+01 -0.38280211E+00
  0.29952891E+01 -0.35503947E+00
  0.30096234E+01 -0.33038638E+00
  0.30239577E+01 -0.30906395E+00
  0.30382920E+01 -0.29127371E+00
  0.30526264E+01 -0.27718873E+00
  0.30669607E+01 -0.26694354E+00
  0.30812950E+01 -0.26062347E+00
  0.30956293E+01 -0.25825458E+00
  0.31099636E+01 -0.25979508E+00
  0.31242979E+01 -0.26512989E+00
  0.31386322E+01 -0.27406913E+00
  0.31529666E+01 -0.28635111E+00
  0.31673009E+01 -0.30164977E+00
  0.31816352E+01 -0.31958559E+00
  0.31959695E+01 -0.33973855E+00
  0.32103038E+01 -0.36166075E+00
  0.32246381E+01 -0.38488606E+00
  0.32389724E+01 -0.40893176E+00
  0.32533067E+01 -0.43328304E+00
  0.32676411E+01 -0.45733487E+00
  0.32819754E+01 -0.48021153E+00
  0.32963097E+01 -0.50019900E+00
  0.33106440E+01 -0.51337030E+00
  0.33249783E+01 -0.51492902E+00
  0.33393126E+01 -0.50737326E+00
  0.33536469E+01 -0.49602679E+00
  0.33679812E+01 -0.48332510E+00
  0.33823156E+01 -0.47013409E+00
  0.33966499E+01 -0.45679496E+00
  0.34109842E+01 -0.44346969E+00
  0.34253185E+01 -0.43025902E+00
  0.34396528E+01 -0.41724943E+00
  0.34539871E+01 -0.40453523E+00
  0.34683214E+01 -0.39222987E+00
  0.34826557E+01 -0.38047132E+00
  0.34969901E+01 -0.36942284E+00
  0.35113244E+01 -0.35926942E+00
  0.35256587E+01 -0.35021039E+00
  0.35399930E+01 -0.34244843E+00
  0.35543273E+01 -0.33617640E+00
  0.35686616E+01 -0.33156317E+00
  0.35829959E+01 -0.32874028E+00
  0.35973019E+01 -0.32779109E+00
  
