Automatically generated mesh
     245
Reciprocal lattice
    0.00000000000000    0.00000000000000    0.00000000000000             1
    0.14285714285714    0.00000000000000    0.00000000000000             1
    0.28571428571429    0.00000000000000    0.00000000000000             1
    0.42857142857143    0.00000000000000    0.00000000000000             1
   -0.42857142857143    0.00000000000000    0.00000000000000             1
   -0.28571428571429    0.00000000000000    0.00000000000000             1
   -0.14285714285714    0.00000000000000    0.00000000000000             1
    0.00000000000000    0.14285714285714    0.00000000000000             1
    0.14285714285714    0.14285714285714    0.00000000000000             1
    0.28571428571429    0.14285714285714    0.00000000000000             1
    0.42857142857143    0.14285714285714    0.00000000000000             1
   -0.42857142857143    0.14285714285714    0.00000000000000             1
   -0.28571428571429    0.14285714285714    0.00000000000000             1
   -0.14285714285714    0.14285714285714    0.00000000000000             1
    0.00000000000000    0.28571428571429    0.00000000000000             1
    0.14285714285714    0.28571428571429    0.00000000000000             1
    0.28571428571429    0.28571428571429    0.00000000000000             1
    0.42857142857143    0.28571428571429    0.00000000000000             1
   -0.42857142857143    0.28571428571429    0.00000000000000             1
   -0.28571428571429    0.28571428571429    0.00000000000000             1
   -0.14285714285714    0.28571428571429    0.00000000000000             1
    0.00000000000000    0.42857142857143    0.00000000000000             1
    0.14285714285714    0.42857142857143    0.00000000000000             1
    0.28571428571429    0.42857142857143    0.00000000000000             1
    0.42857142857143    0.42857142857143    0.00000000000000             1
   -0.42857142857143    0.42857142857143    0.00000000000000             1
   -0.28571428571429    0.42857142857143    0.00000000000000             1
   -0.14285714285714    0.42857142857143    0.00000000000000             1
    0.00000000000000   -0.42857142857143    0.00000000000000             1
    0.14285714285714   -0.42857142857143    0.00000000000000             1
    0.28571428571429   -0.42857142857143    0.00000000000000             1
    0.42857142857143   -0.42857142857143    0.00000000000000             1
   -0.42857142857143   -0.42857142857143    0.00000000000000             1
   -0.28571428571429   -0.42857142857143    0.00000000000000             1
   -0.14285714285714   -0.42857142857143    0.00000000000000             1
    0.00000000000000   -0.28571428571429    0.00000000000000             1
    0.14285714285714   -0.28571428571429    0.00000000000000             1
    0.28571428571429   -0.28571428571429    0.00000000000000             1
    0.42857142857143   -0.28571428571429    0.00000000000000             1
   -0.42857142857143   -0.28571428571429    0.00000000000000             1
   -0.28571428571429   -0.28571428571429    0.00000000000000             1
   -0.14285714285714   -0.28571428571429    0.00000000000000             1
    0.00000000000000   -0.14285714285714    0.00000000000000             1
    0.14285714285714   -0.14285714285714    0.00000000000000             1
    0.28571428571429   -0.14285714285714    0.00000000000000             1
    0.42857142857143   -0.14285714285714    0.00000000000000             1
   -0.42857142857143   -0.14285714285714    0.00000000000000             1
   -0.28571428571429   -0.14285714285714    0.00000000000000             1
   -0.14285714285714   -0.14285714285714    0.00000000000000             1
    0.00000000000000    0.00000000000000    0.20000000000000             1
    0.14285714285714    0.00000000000000    0.20000000000000             1
    0.28571428571429    0.00000000000000    0.20000000000000             1
    0.42857142857143    0.00000000000000    0.20000000000000             1
   -0.42857142857143    0.00000000000000    0.20000000000000             1
   -0.28571428571429    0.00000000000000    0.20000000000000             1
   -0.14285714285714    0.00000000000000    0.20000000000000             1
    0.00000000000000    0.14285714285714    0.20000000000000             1
    0.14285714285714    0.14285714285714    0.20000000000000             1
    0.28571428571429    0.14285714285714    0.20000000000000             1
    0.42857142857143    0.14285714285714    0.20000000000000             1
   -0.42857142857143    0.14285714285714    0.20000000000000             1
   -0.28571428571429    0.14285714285714    0.20000000000000             1
   -0.14285714285714    0.14285714285714    0.20000000000000             1
    0.00000000000000    0.28571428571429    0.20000000000000             1
    0.14285714285714    0.28571428571429    0.20000000000000             1
    0.28571428571429    0.28571428571429    0.20000000000000             1
    0.42857142857143    0.28571428571429    0.20000000000000             1
   -0.42857142857143    0.28571428571429    0.20000000000000             1
   -0.28571428571429    0.28571428571429    0.20000000000000             1
   -0.14285714285714    0.28571428571429    0.20000000000000             1
    0.00000000000000    0.42857142857143    0.20000000000000             1
    0.14285714285714    0.42857142857143    0.20000000000000             1
    0.28571428571429    0.42857142857143    0.20000000000000             1
    0.42857142857143    0.42857142857143    0.20000000000000             1
   -0.42857142857143    0.42857142857143    0.20000000000000             1
   -0.28571428571429    0.42857142857143    0.20000000000000             1
   -0.14285714285714    0.42857142857143    0.20000000000000             1
    0.00000000000000   -0.42857142857143    0.20000000000000             1
    0.14285714285714   -0.42857142857143    0.20000000000000             1
    0.28571428571429   -0.42857142857143    0.20000000000000             1
    0.42857142857143   -0.42857142857143    0.20000000000000             1
   -0.42857142857143   -0.42857142857143    0.20000000000000             1
   -0.28571428571429   -0.42857142857143    0.20000000000000             1
   -0.14285714285714   -0.42857142857143    0.20000000000000             1
    0.00000000000000   -0.28571428571429    0.20000000000000             1
    0.14285714285714   -0.28571428571429    0.20000000000000             1
    0.28571428571429   -0.28571428571429    0.20000000000000             1
    0.42857142857143   -0.28571428571429    0.20000000000000             1
   -0.42857142857143   -0.28571428571429    0.20000000000000             1
   -0.28571428571429   -0.28571428571429    0.20000000000000             1
   -0.14285714285714   -0.28571428571429    0.20000000000000             1
    0.00000000000000   -0.14285714285714    0.20000000000000             1
    0.14285714285714   -0.14285714285714    0.20000000000000             1
    0.28571428571429   -0.14285714285714    0.20000000000000             1
    0.42857142857143   -0.14285714285714    0.20000000000000             1
   -0.42857142857143   -0.14285714285714    0.20000000000000             1
   -0.28571428571429   -0.14285714285714    0.20000000000000             1
   -0.14285714285714   -0.14285714285714    0.20000000000000             1
    0.00000000000000    0.00000000000000    0.40000000000000             1
    0.14285714285714    0.00000000000000    0.40000000000000             1
    0.28571428571429    0.00000000000000    0.40000000000000             1
    0.42857142857143    0.00000000000000    0.40000000000000             1
   -0.42857142857143    0.00000000000000    0.40000000000000             1
   -0.28571428571429    0.00000000000000    0.40000000000000             1
   -0.14285714285714    0.00000000000000    0.40000000000000             1
    0.00000000000000    0.14285714285714    0.40000000000000             1
    0.14285714285714    0.14285714285714    0.40000000000000             1
    0.28571428571429    0.14285714285714    0.40000000000000             1
    0.42857142857143    0.14285714285714    0.40000000000000             1
   -0.42857142857143    0.14285714285714    0.40000000000000             1
   -0.28571428571429    0.14285714285714    0.40000000000000             1
   -0.14285714285714    0.14285714285714    0.40000000000000             1
    0.00000000000000    0.28571428571429    0.40000000000000             1
    0.14285714285714    0.28571428571429    0.40000000000000             1
    0.28571428571429    0.28571428571429    0.40000000000000             1
    0.42857142857143    0.28571428571429    0.40000000000000             1
   -0.42857142857143    0.28571428571429    0.40000000000000             1
   -0.28571428571429    0.28571428571429    0.40000000000000             1
   -0.14285714285714    0.28571428571429    0.40000000000000             1
    0.00000000000000    0.42857142857143    0.40000000000000             1
    0.14285714285714    0.42857142857143    0.40000000000000             1
    0.28571428571429    0.42857142857143    0.40000000000000             1
    0.42857142857143    0.42857142857143    0.40000000000000             1
   -0.42857142857143    0.42857142857143    0.40000000000000             1
   -0.28571428571429    0.42857142857143    0.40000000000000             1
   -0.14285714285714    0.42857142857143    0.40000000000000             1
    0.00000000000000   -0.42857142857143    0.40000000000000             1
    0.14285714285714   -0.42857142857143    0.40000000000000             1
    0.28571428571429   -0.42857142857143    0.40000000000000             1
    0.42857142857143   -0.42857142857143    0.40000000000000             1
   -0.42857142857143   -0.42857142857143    0.40000000000000             1
   -0.28571428571429   -0.42857142857143    0.40000000000000             1
   -0.14285714285714   -0.42857142857143    0.40000000000000             1
    0.00000000000000   -0.28571428571429    0.40000000000000             1
    0.14285714285714   -0.28571428571429    0.40000000000000             1
    0.28571428571429   -0.28571428571429    0.40000000000000             1
    0.42857142857143   -0.28571428571429    0.40000000000000             1
   -0.42857142857143   -0.28571428571429    0.40000000000000             1
   -0.28571428571429   -0.28571428571429    0.40000000000000             1
   -0.14285714285714   -0.28571428571429    0.40000000000000             1
    0.00000000000000   -0.14285714285714    0.40000000000000             1
    0.14285714285714   -0.14285714285714    0.40000000000000             1
    0.28571428571429   -0.14285714285714    0.40000000000000             1
    0.42857142857143   -0.14285714285714    0.40000000000000             1
   -0.42857142857143   -0.14285714285714    0.40000000000000             1
   -0.28571428571429   -0.14285714285714    0.40000000000000             1
   -0.14285714285714   -0.14285714285714    0.40000000000000             1
    0.00000000000000    0.00000000000000   -0.40000000000000             1
    0.14285714285714    0.00000000000000   -0.40000000000000             1
    0.28571428571429    0.00000000000000   -0.40000000000000             1
    0.42857142857143    0.00000000000000   -0.40000000000000             1
   -0.42857142857143    0.00000000000000   -0.40000000000000             1
   -0.28571428571429    0.00000000000000   -0.40000000000000             1
   -0.14285714285714    0.00000000000000   -0.40000000000000             1
    0.00000000000000    0.14285714285714   -0.40000000000000             1
    0.14285714285714    0.14285714285714   -0.40000000000000             1
    0.28571428571429    0.14285714285714   -0.40000000000000             1
    0.42857142857143    0.14285714285714   -0.40000000000000             1
   -0.42857142857143    0.14285714285714   -0.40000000000000             1
   -0.28571428571429    0.14285714285714   -0.40000000000000             1
   -0.14285714285714    0.14285714285714   -0.40000000000000             1
    0.00000000000000    0.28571428571429   -0.40000000000000             1
    0.14285714285714    0.28571428571429   -0.40000000000000             1
    0.28571428571429    0.28571428571429   -0.40000000000000             1
    0.42857142857143    0.28571428571429   -0.40000000000000             1
   -0.42857142857143    0.28571428571429   -0.40000000000000             1
   -0.28571428571429    0.28571428571429   -0.40000000000000             1
   -0.14285714285714    0.28571428571429   -0.40000000000000             1
    0.00000000000000    0.42857142857143   -0.40000000000000             1
    0.14285714285714    0.42857142857143   -0.40000000000000             1
    0.28571428571429    0.42857142857143   -0.40000000000000             1
    0.42857142857143    0.42857142857143   -0.40000000000000             1
   -0.42857142857143    0.42857142857143   -0.40000000000000             1
   -0.28571428571429    0.42857142857143   -0.40000000000000             1
   -0.14285714285714    0.42857142857143   -0.40000000000000             1
    0.00000000000000   -0.42857142857143   -0.40000000000000             1
    0.14285714285714   -0.42857142857143   -0.40000000000000             1
    0.28571428571429   -0.42857142857143   -0.40000000000000             1
    0.42857142857143   -0.42857142857143   -0.40000000000000             1
   -0.42857142857143   -0.42857142857143   -0.40000000000000             1
   -0.28571428571429   -0.42857142857143   -0.40000000000000             1
   -0.14285714285714   -0.42857142857143   -0.40000000000000             1
    0.00000000000000   -0.28571428571429   -0.40000000000000             1
    0.14285714285714   -0.28571428571429   -0.40000000000000             1
    0.28571428571429   -0.28571428571429   -0.40000000000000             1
    0.42857142857143   -0.28571428571429   -0.40000000000000             1
   -0.42857142857143   -0.28571428571429   -0.40000000000000             1
   -0.28571428571429   -0.28571428571429   -0.40000000000000             1
   -0.14285714285714   -0.28571428571429   -0.40000000000000             1
    0.00000000000000   -0.14285714285714   -0.40000000000000             1
    0.14285714285714   -0.14285714285714   -0.40000000000000             1
    0.28571428571429   -0.14285714285714   -0.40000000000000             1
    0.42857142857143   -0.14285714285714   -0.40000000000000             1
   -0.42857142857143   -0.14285714285714   -0.40000000000000             1
   -0.28571428571429   -0.14285714285714   -0.40000000000000             1
   -0.14285714285714   -0.14285714285714   -0.40000000000000             1
    0.00000000000000    0.00000000000000   -0.20000000000000             1
    0.14285714285714    0.00000000000000   -0.20000000000000             1
    0.28571428571429    0.00000000000000   -0.20000000000000             1
    0.42857142857143    0.00000000000000   -0.20000000000000             1
   -0.42857142857143    0.00000000000000   -0.20000000000000             1
   -0.28571428571429    0.00000000000000   -0.20000000000000             1
   -0.14285714285714    0.00000000000000   -0.20000000000000             1
    0.00000000000000    0.14285714285714   -0.20000000000000             1
    0.14285714285714    0.14285714285714   -0.20000000000000             1
    0.28571428571429    0.14285714285714   -0.20000000000000             1
    0.42857142857143    0.14285714285714   -0.20000000000000             1
   -0.42857142857143    0.14285714285714   -0.20000000000000             1
   -0.28571428571429    0.14285714285714   -0.20000000000000             1
   -0.14285714285714    0.14285714285714   -0.20000000000000             1
    0.00000000000000    0.28571428571429   -0.20000000000000             1
    0.14285714285714    0.28571428571429   -0.20000000000000             1
    0.28571428571429    0.28571428571429   -0.20000000000000             1
    0.42857142857143    0.28571428571429   -0.20000000000000             1
   -0.42857142857143    0.28571428571429   -0.20000000000000             1
   -0.28571428571429    0.28571428571429   -0.20000000000000             1
   -0.14285714285714    0.28571428571429   -0.20000000000000             1
    0.00000000000000    0.42857142857143   -0.20000000000000             1
    0.14285714285714    0.42857142857143   -0.20000000000000             1
    0.28571428571429    0.42857142857143   -0.20000000000000             1
    0.42857142857143    0.42857142857143   -0.20000000000000             1
   -0.42857142857143    0.42857142857143   -0.20000000000000             1
   -0.28571428571429    0.42857142857143   -0.20000000000000             1
   -0.14285714285714    0.42857142857143   -0.20000000000000             1
    0.00000000000000   -0.42857142857143   -0.20000000000000             1
    0.14285714285714   -0.42857142857143   -0.20000000000000             1
    0.28571428571429   -0.42857142857143   -0.20000000000000             1
    0.42857142857143   -0.42857142857143   -0.20000000000000             1
   -0.42857142857143   -0.42857142857143   -0.20000000000000             1
   -0.28571428571429   -0.42857142857143   -0.20000000000000             1
   -0.14285714285714   -0.42857142857143   -0.20000000000000             1
    0.00000000000000   -0.28571428571429   -0.20000000000000             1
    0.14285714285714   -0.28571428571429   -0.20000000000000             1
    0.28571428571429   -0.28571428571429   -0.20000000000000             1
    0.42857142857143   -0.28571428571429   -0.20000000000000             1
   -0.42857142857143   -0.28571428571429   -0.20000000000000             1
   -0.28571428571429   -0.28571428571429   -0.20000000000000             1
   -0.14285714285714   -0.28571428571429   -0.20000000000000             1
    0.00000000000000   -0.14285714285714   -0.20000000000000             1
    0.14285714285714   -0.14285714285714   -0.20000000000000             1
    0.28571428571429   -0.14285714285714   -0.20000000000000             1
    0.42857142857143   -0.14285714285714   -0.20000000000000             1
   -0.42857142857143   -0.14285714285714   -0.20000000000000             1
   -0.28571428571429   -0.14285714285714   -0.20000000000000             1
   -0.14285714285714   -0.14285714285714   -0.20000000000000             1
Tetrahedra
      1470    0.00068027210884
         1         1         2         8        51
         1         2         8         9        51
         1         8         9        51        58
         1         1         8        50        51
         1         8        50        51        57
         1         8        51        57        58
         1         2         3         9        52
         1         3         9        10        52
         1         9        10        52        59
         1         2         9        51        52
         1         9        51        52        58
         1         9        52        58        59
         1         3         4        10        53
         1         4        10        11        53
         1        10        11        53        60
         1         3        10        52        53
         1        10        52        53        59
         1        10        53        59        60
         1         4         5        11        54
         1         5        11        12        54
         1        11        12        54        61
         1         4        11        53        54
         1        11        53        54        60
         1        11        54        60        61
         1         5         6        12        55
         1         6        12        13        55
         1        12        13        55        62
         1         5        12        54        55
         1        12        54        55        61
         1        12        55        61        62
         1         6         7        13        56
         1         7        13        14        56
         1        13        14        56        63
         1         6        13        55        56
         1        13        55        56        62
         1        13        56        62        63
         1         1         7        14        50
         1         1         8        14        50
         1         8        14        50        57
         1         7        14        50        56
         1        14        50        56        63
         1        14        50        57        63
         1         8         9        15        58
         1         9        15        16        58
         1        15        16        58        65
         1         8        15        57        58
         1        15        57        58        64
         1        15        58        64        65
         1         9        10        16        59
         1        10        16        17        59
         1        16        17        59        66
         1         9        16        58        59
         1        16        58        59        65
         1        16        59        65        66
         1        10        11        17        60
         1        11        17        18        60
         1        17        18        60        67
         1        10        17        59        60
         1        17        59        60        66
         1        17        60        66        67
         1        11        12        18        61
         1        12        18        19        61
         1        18        19        61        68
         1        11        18        60        61
         1        18        60        61        67
         1        18        61        67        68
         1        12        13        19        62
         1        13        19        20        62
         1        19        20        62        69
         1        12        19        61        62
         1        19        61        62        68
         1        19        62        68        69
         1        13        14        20        63
         1        14        20        21        63
         1        20        21        63        70
         1        13        20        62        63
         1        20        62        63        69
         1        20        63        69        70
         1         8        14        21        57
         1         8        15        21        57
         1        15        21        57        64
         1        14        21        57        63
         1        21        57        63        70
         1        21        57        64        70
         1        15        16        22        65
         1        16        22        23        65
         1        22        23        65        72
         1        15        22        64        65
         1        22        64        65        71
         1        22        65        71        72
         1        16        17        23        66
         1        17        23        24        66
         1        23        24        66        73
         1        16        23        65        66
         1        23        65        66        72
         1        23        66        72        73
         1        17        18        24        67
         1        18        24        25        67
         1        24        25        67        74
         1        17        24        66        67
         1        24        66        67        73
         1        24        67        73        74
         1        18        19        25        68
         1        19        25        26        68
         1        25        26        68        75
         1        18        25        67        68
         1        25        67        68        74
         1        25        68        74        75
         1        19        20        26        69
         1        20        26        27        69
         1        26        27        69        76
         1        19        26        68        69
         1        26        68        69        75
         1        26        69        75        76
         1        20        21        27        70
         1        21        27        28        70
         1        27        28        70        77
         1        20        27        69        70
         1        27        69        70        76
         1        27        70        76        77
         1        15        21        28        64
         1        15        22        28        64
         1        22        28        64        71
         1        21        28        64        70
         1        28        64        70        77
         1        28        64        71        77
         1        22        23        29        72
         1        23        29        30        72
         1        29        30        72        79
         1        22        29        71        72
         1        29        71        72        78
         1        29        72        78        79
         1        23        24        30        73
         1        24        30        31        73
         1        30        31        73        80
         1        23        30        72        73
         1        30        72        73        79
         1        30        73        79        80
         1        24        25        31        74
         1        25        31        32        74
         1        31        32        74        81
         1        24        31        73        74
         1        31        73        74        80
         1        31        74        80        81
         1        25        26        32        75
         1        26        32        33        75
         1        32        33        75        82
         1        25        32        74        75
         1        32        74        75        81
         1        32        75        81        82
         1        26        27        33        76
         1        27        33        34        76
         1        33        34        76        83
         1        26        33        75        76
         1        33        75        76        82
         1        33        76        82        83
         1        27        28        34        77
         1        28        34        35        77
         1        34        35        77        84
         1        27        34        76        77
         1        34        76        77        83
         1        34        77        83        84
         1        22        28        35        71
         1        22        29        35        71
         1        29        35        71        78
         1        28        35        71        77
         1        35        71        77        84
         1        35        71        78        84
         1        29        30        36        79
         1        30        36        37        79
         1        36        37        79        86
         1        29        36        78        79
         1        36        78        79        85
         1        36        79        85        86
         1        30        31        37        80
         1        31        37        38        80
         1        37        38        80        87
         1        30        37        79        80
         1        37        79        80        86
         1        37        80        86        87
         1        31        32        38        81
         1        32        38        39        81
         1        38        39        81        88
         1        31        38        80        81
         1        38        80        81        87
         1        38        81        87        88
         1        32        33        39        82
         1        33        39        40        82
         1        39        40        82        89
         1        32        39        81        82
         1        39        81        82        88
         1        39        82        88        89
         1        33        34        40        83
         1        34        40        41        83
         1        40        41        83        90
         1        33        40        82        83
         1        40        82        83        89
         1        40        83        89        90
         1        34        35        41        84
         1        35        41        42        84
         1        41        42        84        91
         1        34        41        83        84
         1        41        83        84        90
         1        41        84        90        91
         1        29        35        42        78
         1        29        36        42        78
         1        36        42        78        85
         1        35        42        78        84
         1        42        78        84        91
         1        42        78        85        91
         1        36        37        43        86
         1        37        43        44        86
         1        43        44        86        93
         1        36        43        85        86
         1        43        85        86        92
         1        43        86        92        93
         1        37        38        44        87
         1        38        44        45        87
         1        44        45        87        94
         1        37        44        86        87
         1        44        86        87        93
         1        44        87        93        94
         1        38        39        45        88
         1        39        45        46        88
         1        45        46        88        95
         1        38        45        87        88
         1        45        87        88        94
         1        45        88        94        95
         1        39        40        46        89
         1        40        46        47        89
         1        46        47        89        96
         1        39        46        88        89
         1        46        88        89        95
         1        46        89        95        96
         1        40        41        47        90
         1        41        47        48        90
         1        47        48        90        97
         1        40        47        89        90
         1        47        89        90        96
         1        47        90        96        97
         1        41        42        48        91
         1        42        48        49        91
         1        48        49        91        98
         1        41        48        90        91
         1        48        90        91        97
         1        48        91        97        98
         1        36        42        49        85
         1        36        43        49        85
         1        43        49        85        92
         1        42        49        85        91
         1        49        85        91        98
         1        49        85        92        98
         1         1        43        44        93
         1         1         2        44        93
         1         1         2        51        93
         1         1        43        92        93
         1         1        50        92        93
         1         1        50        51        93
         1         2        44        45        94
         1         2         3        45        94
         1         2         3        52        94
         1         2        44        93        94
         1         2        51        93        94
         1         2        51        52        94
         1         3        45        46        95
         1         3         4        46        95
         1         3         4        53        95
         1         3        45        94        95
         1         3        52        94        95
         1         3        52        53        95
         1         4        46        47        96
         1         4         5        47        96
         1         4         5        54        96
         1         4        46        95        96
         1         4        53        95        96
         1         4        53        54        96
         1         5        47        48        97
         1         5         6        48        97
         1         5         6        55        97
         1         5        47        96        97
         1         5        54        96        97
         1         5        54        55        97
         1         6        48        49        98
         1         6         7        49        98
         1         6         7        56        98
         1         6        48        97        98
         1         6        55        97        98
         1         6        55        56        98
         1         7        43        49        92
         1         1         7        43        92
         1         1         7        50        92
         1         7        49        92        98
         1         7        56        92        98
         1         7        50        56        92
         1        50        51        57       100
         1        51        57        58       100
         1        57        58       100       107
         1        50        57        99       100
         1        57        99       100       106
         1        57       100       106       107
         1        51        52        58       101
         1        52        58        59       101
         1        58        59       101       108
         1        51        58       100       101
         1        58       100       101       107
         1        58       101       107       108
         1        52        53        59       102
         1        53        59        60       102
         1        59        60       102       109
         1        52        59       101       102
         1        59       101       102       108
         1        59       102       108       109
         1        53        54        60       103
         1        54        60        61       103
         1        60        61       103       110
         1        53        60       102       103
         1        60       102       103       109
         1        60       103       109       110
         1        54        55        61       104
         1        55        61        62       104
         1        61        62       104       111
         1        54        61       103       104
         1        61       103       104       110
         1        61       104       110       111
         1        55        56        62       105
         1        56        62        63       105
         1        62        63       105       112
         1        55        62       104       105
         1        62       104       105       111
         1        62       105       111       112
         1        50        56        63        99
         1        50        57        63        99
         1        57        63        99       106
         1        56        63        99       105
         1        63        99       105       112
         1        63        99       106       112
         1        57        58        64       107
         1        58        64        65       107
         1        64        65       107       114
         1        57        64       106       107
         1        64       106       107       113
         1        64       107       113       114
         1        58        59        65       108
         1        59        65        66       108
         1        65        66       108       115
         1        58        65       107       108
         1        65       107       108       114
         1        65       108       114       115
         1        59        60        66       109
         1        60        66        67       109
         1        66        67       109       116
         1        59        66       108       109
         1        66       108       109       115
         1        66       109       115       116
         1        60        61        67       110
         1        61        67        68       110
         1        67        68       110       117
         1        60        67       109       110
         1        67       109       110       116
         1        67       110       116       117
         1        61        62        68       111
         1        62        68        69       111
         1        68        69       111       118
         1        61        68       110       111
         1        68       110       111       117
         1        68       111       117       118
         1        62        63        69       112
         1        63        69        70       112
         1        69        70       112       119
         1        62        69       111       112
         1        69       111       112       118
         1        69       112       118       119
         1        57        63        70       106
         1        57        64        70       106
         1        64        70       106       113
         1        63        70       106       112
         1        70       106       112       119
         1        70       106       113       119
         1        64        65        71       114
         1        65        71        72       114
         1        71        72       114       121
         1        64        71       113       114
         1        71       113       114       120
         1        71       114       120       121
         1        65        66        72       115
         1        66        72        73       115
         1        72        73       115       122
         1        65        72       114       115
         1        72       114       115       121
         1        72       115       121       122
         1        66        67        73       116
         1        67        73        74       116
         1        73        74       116       123
         1        66        73       115       116
         1        73       115       116       122
         1        73       116       122       123
         1        67        68        74       117
         1        68        74        75       117
         1        74        75       117       124
         1        67        74       116       117
         1        74       116       117       123
         1        74       117       123       124
         1        68        69        75       118
         1        69        75        76       118
         1        75        76       118       125
         1        68        75       117       118
         1        75       117       118       124
         1        75       118       124       125
         1        69        70        76       119
         1        70        76        77       119
         1        76        77       119       126
         1        69        76       118       119
         1        76       118       119       125
         1        76       119       125       126
         1        64        70        77       113
         1        64        71        77       113
         1        71        77       113       120
         1        70        77       113       119
         1        77       113       119       126
         1        77       113       120       126
         1        71        72        78       121
         1        72        78        79       121
         1        78        79       121       128
         1        71        78       120       121
         1        78       120       121       127
         1        78       121       127       128
         1        72        73        79       122
         1        73        79        80       122
         1        79        80       122       129
         1        72        79       121       122
         1        79       121       122       128
         1        79       122       128       129
         1        73        74        80       123
         1        74        80        81       123
         1        80        81       123       130
         1        73        80       122       123
         1        80       122       123       129
         1        80       123       129       130
         1        74        75        81       124
         1        75        81        82       124
         1        81        82       124       131
         1        74        81       123       124
         1        81       123       124       130
         1        81       124       130       131
         1        75        76        82       125
         1        76        82        83       125
         1        82        83       125       132
         1        75        82       124       125
         1        82       124       125       131
         1        82       125       131       132
         1        76        77        83       126
         1        77        83        84       126
         1        83        84       126       133
         1        76        83       125       126
         1        83       125       126       132
         1        83       126       132       133
         1        71        77        84       120
         1        71        78        84       120
         1        78        84       120       127
         1        77        84       120       126
         1        84       120       126       133
         1        84       120       127       133
         1        78        79        85       128
         1        79        85        86       128
         1        85        86       128       135
         1        78        85       127       128
         1        85       127       128       134
         1        85       128       134       135
         1        79        80        86       129
         1        80        86        87       129
         1        86        87       129       136
         1        79        86       128       129
         1        86       128       129       135
         1        86       129       135       136
         1        80        81        87       130
         1        81        87        88       130
         1        87        88       130       137
         1        80        87       129       130
         1        87       129       130       136
         1        87       130       136       137
         1        81        82        88       131
         1        82        88        89       131
         1        88        89       131       138
         1        81        88       130       131
         1        88       130       131       137
         1        88       131       137       138
         1        82        83        89       132
         1        83        89        90       132
         1        89        90       132       139
         1        82        89       131       132
         1        89       131       132       138
         1        89       132       138       139
         1        83        84        90       133
         1        84        90        91       133
         1        90        91       133       140
         1        83        90       132       133
         1        90       132       133       139
         1        90       133       139       140
         1        78        84        91       127
         1        78        85        91       127
         1        85        91       127       134
         1        84        91       127       133
         1        91       127       133       140
         1        91       127       134       140
         1        85        86        92       135
         1        86        92        93       135
         1        92        93       135       142
         1        85        92       134       135
         1        92       134       135       141
         1        92       135       141       142
         1        86        87        93       136
         1        87        93        94       136
         1        93        94       136       143
         1        86        93       135       136
         1        93       135       136       142
         1        93       136       142       143
         1        87        88        94       137
         1        88        94        95       137
         1        94        95       137       144
         1        87        94       136       137
         1        94       136       137       143
         1        94       137       143       144
         1        88        89        95       138
         1        89        95        96       138
         1        95        96       138       145
         1        88        95       137       138
         1        95       137       138       144
         1        95       138       144       145
         1        89        90        96       139
         1        90        96        97       139
         1        96        97       139       146
         1        89        96       138       139
         1        96       138       139       145
         1        96       139       145       146
         1        90        91        97       140
         1        91        97        98       140
         1        97        98       140       147
         1        90        97       139       140
         1        97       139       140       146
         1        97       140       146       147
         1        85        91        98       134
         1        85        92        98       134
         1        92        98       134       141
         1        91        98       134       140
         1        98       134       140       147
         1        98       134       141       147
         1        50        92        93       142
         1        50        51        93       142
         1        50        51       100       142
         1        50        92       141       142
         1        50        99       141       142
         1        50        99       100       142
         1        51        93        94       143
         1        51        52        94       143
         1        51        52       101       143
         1        51        93       142       143
         1        51       100       142       143
         1        51       100       101       143
         1        52        94        95       144
         1        52        53        95       144
         1        52        53       102       144
         1        52        94       143       144
         1        52       101       143       144
         1        52       101       102       144
         1        53        95        96       145
         1        53        54        96       145
         1        53        54       103       145
         1        53        95       144       145
         1        53       102       144       145
         1        53       102       103       145
         1        54        96        97       146
         1        54        55        97       146
         1        54        55       104       146
         1        54        96       145       146
         1        54       103       145       146
         1        54       103       104       146
         1        55        97        98       147
         1        55        56        98       147
         1        55        56       105       147
         1        55        97       146       147
         1        55       104       146       147
         1        55       104       105       147
         1        56        92        98       141
         1        50        56        92       141
         1        50        56        99       141
         1        56        98       141       147
         1        56       105       141       147
         1        56        99       105       141
         1        99       100       106       149
         1       100       106       107       149
         1       106       107       149       156
         1        99       106       148       149
         1       106       148       149       155
         1       106       149       155       156
         1       100       101       107       150
         1       101       107       108       150
         1       107       108       150       157
         1       100       107       149       150
         1       107       149       150       156
         1       107       150       156       157
         1       101       102       108       151
         1       102       108       109       151
         1       108       109       151       158
         1       101       108       150       151
         1       108       150       151       157
         1       108       151       157       158
         1       102       103       109       152
         1       103       109       110       152
         1       109       110       152       159
         1       102       109       151       152
         1       109       151       152       158
         1       109       152       158       159
         1       103       104       110       153
         1       104       110       111       153
         1       110       111       153       160
         1       103       110       152       153
         1       110       152       153       159
         1       110       153       159       160
         1       104       105       111       154
         1       105       111       112       154
         1       111       112       154       161
         1       104       111       153       154
         1       111       153       154       160
         1       111       154       160       161
         1        99       105       112       148
         1        99       106       112       148
         1       106       112       148       155
         1       105       112       148       154
         1       112       148       154       161
         1       112       148       155       161
         1       106       107       113       156
         1       107       113       114       156
         1       113       114       156       163
         1       106       113       155       156
         1       113       155       156       162
         1       113       156       162       163
         1       107       108       114       157
         1       108       114       115       157
         1       114       115       157       164
         1       107       114       156       157
         1       114       156       157       163
         1       114       157       163       164
         1       108       109       115       158
         1       109       115       116       158
         1       115       116       158       165
         1       108       115       157       158
         1       115       157       158       164
         1       115       158       164       165
         1       109       110       116       159
         1       110       116       117       159
         1       116       117       159       166
         1       109       116       158       159
         1       116       158       159       165
         1       116       159       165       166
         1       110       111       117       160
         1       111       117       118       160
         1       117       118       160       167
         1       110       117       159       160
         1       117       159       160       166
         1       117       160       166       167
         1       111       112       118       161
         1       112       118       119       161
         1       118       119       161       168
         1       111       118       160       161
         1       118       160       161       167
         1       118       161       167       168
         1       106       112       119       155
         1       106       113       119       155
         1       113       119       155       162
         1       112       119       155       161
         1       119       155       161       168
         1       119       155       162       168
         1       113       114       120       163
         1       114       120       121       163
         1       120       121       163       170
         1       113       120       162       163
         1       120       162       163       169
         1       120       163       169       170
         1       114       115       121       164
         1       115       121       122       164
         1       121       122       164       171
         1       114       121       163       164
         1       121       163       164       170
         1       121       164       170       171
         1       115       116       122       165
         1       116       122       123       165
         1       122       123       165       172
         1       115       122       164       165
         1       122       164       165       171
         1       122       165       171       172
         1       116       117       123       166
         1       117       123       124       166
         1       123       124       166       173
         1       116       123       165       166
         1       123       165       166       172
         1       123       166       172       173
         1       117       118       124       167
         1       118       124       125       167
         1       124       125       167       174
         1       117       124       166       167
         1       124       166       167       173
         1       124       167       173       174
         1       118       119       125       168
         1       119       125       126       168
         1       125       126       168       175
         1       118       125       167       168
         1       125       167       168       174
         1       125       168       174       175
         1       113       119       126       162
         1       113       120       126       162
         1       120       126       162       169
         1       119       126       162       168
         1       126       162       168       175
         1       126       162       169       175
         1       120       121       127       170
         1       121       127       128       170
         1       127       128       170       177
         1       120       127       169       170
         1       127       169       170       176
         1       127       170       176       177
         1       121       122       128       171
         1       122       128       129       171
         1       128       129       171       178
         1       121       128       170       171
         1       128       170       171       177
         1       128       171       177       178
         1       122       123       129       172
         1       123       129       130       172
         1       129       130       172       179
         1       122       129       171       172
         1       129       171       172       178
         1       129       172       178       179
         1       123       124       130       173
         1       124       130       131       173
         1       130       131       173       180
         1       123       130       172       173
         1       130       172       173       179
         1       130       173       179       180
         1       124       125       131       174
         1       125       131       132       174
         1       131       132       174       181
         1       124       131       173       174
         1       131       173       174       180
         1       131       174       180       181
         1       125       126       132       175
         1       126       132       133       175
         1       132       133       175       182
         1       125       132       174       175
         1       132       174       175       181
         1       132       175       181       182
         1       120       126       133       169
         1       120       127       133       169
         1       127       133       169       176
         1       126       133       169       175
         1       133       169       175       182
         1       133       169       176       182
         1       127       128       134       177
         1       128       134       135       177
         1       134       135       177       184
         1       127       134       176       177
         1       134       176       177       183
         1       134       177       183       184
         1       128       129       135       178
         1       129       135       136       178
         1       135       136       178       185
         1       128       135       177       178
         1       135       177       178       184
         1       135       178       184       185
         1       129       130       136       179
         1       130       136       137       179
         1       136       137       179       186
         1       129       136       178       179
         1       136       178       179       185
         1       136       179       185       186
         1       130       131       137       180
         1       131       137       138       180
         1       137       138       180       187
         1       130       137       179       180
         1       137       179       180       186
         1       137       180       186       187
         1       131       132       138       181
         1       132       138       139       181
         1       138       139       181       188
         1       131       138       180       181
         1       138       180       181       187
         1       138       181       187       188
         1       132       133       139       182
         1       133       139       140       182
         1       139       140       182       189
         1       132       139       181       182
         1       139       181       182       188
         1       139       182       188       189
         1       127       133       140       176
         1       127       134       140       176
         1       134       140       176       183
         1       133       140       176       182
         1       140       176       182       189
         1       140       176       183       189
         1       134       135       141       184
         1       135       141       142       184
         1       141       142       184       191
         1       134       141       183       184
         1       141       183       184       190
         1       141       184       190       191
         1       135       136       142       185
         1       136       142       143       185
         1       142       143       185       192
         1       135       142       184       185
         1       142       184       185       191
         1       142       185       191       192
         1       136       137       143       186
         1       137       143       144       186
         1       143       144       186       193
         1       136       143       185       186
         1       143       185       186       192
         1       143       186       192       193
         1       137       138       144       187
         1       138       144       145       187
         1       144       145       187       194
         1       137       144       186       187
         1       144       186       187       193
         1       144       187       193       194
         1       138       139       145       188
         1       139       145       146       188
         1       145       146       188       195
         1       138       145       187       188
         1       145       187       188       194
         1       145       188       194       195
         1       139       140       146       189
         1       140       146       147       189
         1       146       147       189       196
         1       139       146       188       189
         1       146       188       189       195
         1       146       189       195       196
         1       134       140       147       183
         1       134       141       147       183
         1       141       147       183       190
         1       140       147       183       189
         1       147       183       189       196
         1       147       183       190       196
         1        99       141       142       191
         1        99       100       142       191
         1        99       100       149       191
         1        99       141       190       191
         1        99       148       190       191
         1        99       148       149       191
         1       100       142       143       192
         1       100       101       143       192
         1       100       101       150       192
         1       100       142       191       192
         1       100       149       191       192
         1       100       149       150       192
         1       101       143       144       193
         1       101       102       144       193
         1       101       102       151       193
         1       101       143       192       193
         1       101       150       192       193
         1       101       150       151       193
         1       102       144       145       194
         1       102       103       145       194
         1       102       103       152       194
         1       102       144       193       194
         1       102       151       193       194
         1       102       151       152       194
         1       103       145       146       195
         1       103       104       146       195
         1       103       104       153       195
         1       103       145       194       195
         1       103       152       194       195
         1       103       152       153       195
         1       104       146       147       196
         1       104       105       147       196
         1       104       105       154       196
         1       104       146       195       196
         1       104       153       195       196
         1       104       153       154       196
         1       105       141       147       190
         1        99       105       141       190
         1        99       105       148       190
         1       105       147       190       196
         1       105       154       190       196
         1       105       148       154       190
         1       148       149       155       198
         1       149       155       156       198
         1       155       156       198       205
         1       148       155       197       198
         1       155       197       198       204
         1       155       198       204       205
         1       149       150       156       199
         1       150       156       157       199
         1       156       157       199       206
         1       149       156       198       199
         1       156       198       199       205
         1       156       199       205       206
         1       150       151       157       200
         1       151       157       158       200
         1       157       158       200       207
         1       150       157       199       200
         1       157       199       200       206
         1       157       200       206       207
         1       151       152       158       201
         1       152       158       159       201
         1       158       159       201       208
         1       151       158       200       201
         1       158       200       201       207
         1       158       201       207       208
         1       152       153       159       202
         1       153       159       160       202
         1       159       160       202       209
         1       152       159       201       202
         1       159       201       202       208
         1       159       202       208       209
         1       153       154       160       203
         1       154       160       161       203
         1       160       161       203       210
         1       153       160       202       203
         1       160       202       203       209
         1       160       203       209       210
         1       148       154       161       197
         1       148       155       161       197
         1       155       161       197       204
         1       154       161       197       203
         1       161       197       203       210
         1       161       197       204       210
         1       155       156       162       205
         1       156       162       163       205
         1       162       163       205       212
         1       155       162       204       205
         1       162       204       205       211
         1       162       205       211       212
         1       156       157       163       206
         1       157       163       164       206
         1       163       164       206       213
         1       156       163       205       206
         1       163       205       206       212
         1       163       206       212       213
         1       157       158       164       207
         1       158       164       165       207
         1       164       165       207       214
         1       157       164       206       207
         1       164       206       207       213
         1       164       207       213       214
         1       158       159       165       208
         1       159       165       166       208
         1       165       166       208       215
         1       158       165       207       208
         1       165       207       208       214
         1       165       208       214       215
         1       159       160       166       209
         1       160       166       167       209
         1       166       167       209       216
         1       159       166       208       209
         1       166       208       209       215
         1       166       209       215       216
         1       160       161       167       210
         1       161       167       168       210
         1       167       168       210       217
         1       160       167       209       210
         1       167       209       210       216
         1       167       210       216       217
         1       155       161       168       204
         1       155       162       168       204
         1       162       168       204       211
         1       161       168       204       210
         1       168       204       210       217
         1       168       204       211       217
         1       162       163       169       212
         1       163       169       170       212
         1       169       170       212       219
         1       162       169       211       212
         1       169       211       212       218
         1       169       212       218       219
         1       163       164       170       213
         1       164       170       171       213
         1       170       171       213       220
         1       163       170       212       213
         1       170       212       213       219
         1       170       213       219       220
         1       164       165       171       214
         1       165       171       172       214
         1       171       172       214       221
         1       164       171       213       214
         1       171       213       214       220
         1       171       214       220       221
         1       165       166       172       215
         1       166       172       173       215
         1       172       173       215       222
         1       165       172       214       215
         1       172       214       215       221
         1       172       215       221       222
         1       166       167       173       216
         1       167       173       174       216
         1       173       174       216       223
         1       166       173       215       216
         1       173       215       216       222
         1       173       216       222       223
         1       167       168       174       217
         1       168       174       175       217
         1       174       175       217       224
         1       167       174       216       217
         1       174       216       217       223
         1       174       217       223       224
         1       162       168       175       211
         1       162       169       175       211
         1       169       175       211       218
         1       168       175       211       217
         1       175       211       217       224
         1       175       211       218       224
         1       169       170       176       219
         1       170       176       177       219
         1       176       177       219       226
         1       169       176       218       219
         1       176       218       219       225
         1       176       219       225       226
         1       170       171       177       220
         1       171       177       178       220
         1       177       178       220       227
         1       170       177       219       220
         1       177       219       220       226
         1       177       220       226       227
         1       171       172       178       221
         1       172       178       179       221
         1       178       179       221       228
         1       171       178       220       221
         1       178       220       221       227
         1       178       221       227       228
         1       172       173       179       222
         1       173       179       180       222
         1       179       180       222       229
         1       172       179       221       222
         1       179       221       222       228
         1       179       222       228       229
         1       173       174       180       223
         1       174       180       181       223
         1       180       181       223       230
         1       173       180       222       223
         1       180       222       223       229
         1       180       223       229       230
         1       174       175       181       224
         1       175       181       182       224
         1       181       182       224       231
         1       174       181       223       224
         1       181       223       224       230
         1       181       224       230       231
         1       169       175       182       218
         1       169       176       182       218
         1       176       182       218       225
         1       175       182       218       224
         1       182       218       224       231
         1       182       218       225       231
         1       176       177       183       226
         1       177       183       184       226
         1       183       184       226       233
         1       176       183       225       226
         1       183       225       226       232
         1       183       226       232       233
         1       177       178       184       227
         1       178       184       185       227
         1       184       185       227       234
         1       177       184       226       227
         1       184       226       227       233
         1       184       227       233       234
         1       178       179       185       228
         1       179       185       186       228
         1       185       186       228       235
         1       178       185       227       228
         1       185       227       228       234
         1       185       228       234       235
         1       179       180       186       229
         1       180       186       187       229
         1       186       187       229       236
         1       179       186       228       229
         1       186       228       229       235
         1       186       229       235       236
         1       180       181       187       230
         1       181       187       188       230
         1       187       188       230       237
         1       180       187       229       230
         1       187       229       230       236
         1       187       230       236       237
         1       181       182       188       231
         1       182       188       189       231
         1       188       189       231       238
         1       181       188       230       231
         1       188       230       231       237
         1       188       231       237       238
         1       176       182       189       225
         1       176       183       189       225
         1       183       189       225       232
         1       182       189       225       231
         1       189       225       231       238
         1       189       225       232       238
         1       183       184       190       233
         1       184       190       191       233
         1       190       191       233       240
         1       183       190       232       233
         1       190       232       233       239
         1       190       233       239       240
         1       184       185       191       234
         1       185       191       192       234
         1       191       192       234       241
         1       184       191       233       234
         1       191       233       234       240
         1       191       234       240       241
         1       185       186       192       235
         1       186       192       193       235
         1       192       193       235       242
         1       185       192       234       235
         1       192       234       235       241
         1       192       235       241       242
         1       186       187       193       236
         1       187       193       194       236
         1       193       194       236       243
         1       186       193       235       236
         1       193       235       236       242
         1       193       236       242       243
         1       187       188       194       237
         1       188       194       195       237
         1       194       195       237       244
         1       187       194       236       237
         1       194       236       237       243
         1       194       237       243       244
         1       188       189       195       238
         1       189       195       196       238
         1       195       196       238       245
         1       188       195       237       238
         1       195       237       238       244
         1       195       238       244       245
         1       183       189       196       232
         1       183       190       196       232
         1       190       196       232       239
         1       189       196       232       238
         1       196       232       238       245
         1       196       232       239       245
         1       148       190       191       240
         1       148       149       191       240
         1       148       149       198       240
         1       148       190       239       240
         1       148       197       239       240
         1       148       197       198       240
         1       149       191       192       241
         1       149       150       192       241
         1       149       150       199       241
         1       149       191       240       241
         1       149       198       240       241
         1       149       198       199       241
         1       150       192       193       242
         1       150       151       193       242
         1       150       151       200       242
         1       150       192       241       242
         1       150       199       241       242
         1       150       199       200       242
         1       151       193       194       243
         1       151       152       194       243
         1       151       152       201       243
         1       151       193       242       243
         1       151       200       242       243
         1       151       200       201       243
         1       152       194       195       244
         1       152       153       195       244
         1       152       153       202       244
         1       152       194       243       244
         1       152       201       243       244
         1       152       201       202       244
         1       153       195       196       245
         1       153       154       196       245
         1       153       154       203       245
         1       153       195       244       245
         1       153       202       244       245
         1       153       202       203       245
         1       154       190       196       239
         1       148       154       190       239
         1       148       154       197       239
         1       154       196       239       245
         1       154       203       239       245
         1       154       197       203       239
         1         2       197       198       204
         1         2       198       204       205
         1         2         9       204       205
         1         1         2       197       204
         1         1         2         8       204
         1         2         8         9       204
         1         3       198       199       205
         1         3       199       205       206
         1         3        10       205       206
         1         2         3       198       205
         1         2         3         9       205
         1         3         9        10       205
         1         4       199       200       206
         1         4       200       206       207
         1         4        11       206       207
         1         3         4       199       206
         1         3         4        10       206
         1         4        10        11       206
         1         5       200       201       207
         1         5       201       207       208
         1         5        12       207       208
         1         4         5       200       207
         1         4         5        11       207
         1         5        11        12       207
         1         6       201       202       208
         1         6       202       208       209
         1         6        13       208       209
         1         5         6       201       208
         1         5         6        12       208
         1         6        12        13       208
         1         7       202       203       209
         1         7       203       209       210
         1         7        14       209       210
         1         6         7       202       209
         1         6         7        13       209
         1         7        13        14       209
         1         1       197       203       210
         1         1       197       204       210
         1         1         8       204       210
         1         1         7       203       210
         1         1         7        14       210
         1         1         8        14       210
         1         9       204       205       211
         1         9       205       211       212
         1         9        16       211       212
         1         8         9       204       211
         1         8         9        15       211
         1         9        15        16       211
         1        10       205       206       212
         1        10       206       212       213
         1        10        17       212       213
         1         9        10       205       212
         1         9        10        16       212
         1        10        16        17       212
         1        11       206       207       213
         1        11       207       213       214
         1        11        18       213       214
         1        10        11       206       213
         1        10        11        17       213
         1        11        17        18       213
         1        12       207       208       214
         1        12       208       214       215
         1        12        19       214       215
         1        11        12       207       214
         1        11        12        18       214
         1        12        18        19       214
         1        13       208       209       215
         1        13       209       215       216
         1        13        20       215       216
         1        12        13       208       215
         1        12        13        19       215
         1        13        19        20       215
         1        14       209       210       216
         1        14       210       216       217
         1        14        21       216       217
         1        13        14       209       216
         1        13        14        20       216
         1        14        20        21       216
         1         8       204       210       217
         1         8       204       211       217
         1         8        15       211       217
         1         8        14       210       217
         1         8        14        21       217
         1         8        15        21       217
         1        16       211       212       218
         1        16       212       218       219
         1        16        23       218       219
         1        15        16       211       218
         1        15        16        22       218
         1        16        22        23       218
         1        17       212       213       219
         1        17       213       219       220
         1        17        24       219       220
         1        16        17       212       219
         1        16        17        23       219
         1        17        23        24       219
         1        18       213       214       220
         1        18       214       220       221
         1        18        25       220       221
         1        17        18       213       220
         1        17        18        24       220
         1        18        24        25       220
         1        19       214       215       221
         1        19       215       221       222
         1        19        26       221       222
         1        18        19       214       221
         1        18        19        25       221
         1        19        25        26       221
         1        20       215       216       222
         1        20       216       222       223
         1        20        27       222       223
         1        19        20       215       222
         1        19        20        26       222
         1        20        26        27       222
         1        21       216       217       223
         1        21       217       223       224
         1        21        28       223       224
         1        20        21       216       223
         1        20        21        27       223
         1        21        27        28       223
         1        15       211       217       224
         1        15       211       218       224
         1        15        22       218       224
         1        15        21       217       224
         1        15        21        28       224
         1        15        22        28       224
         1        23       218       219       225
         1        23       219       225       226
         1        23        30       225       226
         1        22        23       218       225
         1        22        23        29       225
         1        23        29        30       225
         1        24       219       220       226
         1        24       220       226       227
         1        24        31       226       227
         1        23        24       219       226
         1        23        24        30       226
         1        24        30        31       226
         1        25       220       221       227
         1        25       221       227       228
         1        25        32       227       228
         1        24        25       220       227
         1        24        25        31       227
         1        25        31        32       227
         1        26       221       222       228
         1        26       222       228       229
         1        26        33       228       229
         1        25        26       221       228
         1        25        26        32       228
         1        26        32        33       228
         1        27       222       223       229
         1        27       223       229       230
         1        27        34       229       230
         1        26        27       222       229
         1        26        27        33       229
         1        27        33        34       229
         1        28       223       224       230
         1        28       224       230       231
         1        28        35       230       231
         1        27        28       223       230
         1        27        28        34       230
         1        28        34        35       230
         1        22       218       224       231
         1        22       218       225       231
         1        22        29       225       231
         1        22        28       224       231
         1        22        28        35       231
         1        22        29        35       231
         1        30       225       226       232
         1        30       226       232       233
         1        30        37       232       233
         1        29        30       225       232
         1        29        30        36       232
         1        30        36        37       232
         1        31       226       227       233
         1        31       227       233       234
         1        31        38       233       234
         1        30        31       226       233
         1        30        31        37       233
         1        31        37        38       233
         1        32       227       228       234
         1        32       228       234       235
         1        32        39       234       235
         1        31        32       227       234
         1        31        32        38       234
         1        32        38        39       234
         1        33       228       229       235
         1        33       229       235       236
         1        33        40       235       236
         1        32        33       228       235
         1        32        33        39       235
         1        33        39        40       235
         1        34       229       230       236
         1        34       230       236       237
         1        34        41       236       237
         1        33        34       229       236
         1        33        34        40       236
         1        34        40        41       236
         1        35       230       231       237
         1        35       231       237       238
         1        35        42       237       238
         1        34        35       230       237
         1        34        35        41       237
         1        35        41        42       237
         1        29       225       231       238
         1        29       225       232       238
         1        29        36       232       238
         1        29        35       231       238
         1        29        35        42       238
         1        29        36        42       238
         1        37       232       233       239
         1        37       233       239       240
         1        37        44       239       240
         1        36        37       232       239
         1        36        37        43       239
         1        37        43        44       239
         1        38       233       234       240
         1        38       234       240       241
         1        38        45       240       241
         1        37        38       233       240
         1        37        38        44       240
         1        38        44        45       240
         1        39       234       235       241
         1        39       235       241       242
         1        39        46       241       242
         1        38        39       234       241
         1        38        39        45       241
         1        39        45        46       241
         1        40       235       236       242
         1        40       236       242       243
         1        40        47       242       243
         1        39        40       235       242
         1        39        40        46       242
         1        40        46        47       242
         1        41       236       237       243
         1        41       237       243       244
         1        41        48       243       244
         1        40        41       236       243
         1        40        41        47       243
         1        41        47        48       243
         1        42       237       238       244
         1        42       238       244       245
         1        42        49       244       245
         1        41        42       237       244
         1        41        42        48       244
         1        42        48        49       244
         1        36       232       238       245
         1        36       232       239       245
         1        36        43       239       245
         1        36        42       238       245
         1        36        42        49       245
         1        36        43        49       245
         1        44       197       239       240
         1        44       197       198       240
         1         2        44       197       198
         1        43        44       197       239
         1         1        43        44       197
         1         1         2        44       197
         1        45       198       240       241
         1        45       198       199       241
         1         3        45       198       199
         1        44        45       198       240
         1         2        44        45       198
         1         2         3        45       198
         1        46       199       241       242
         1        46       199       200       242
         1         4        46       199       200
         1        45        46       199       241
         1         3        45        46       199
         1         3         4        46       199
         1        47       200       242       243
         1        47       200       201       243
         1         5        47       200       201
         1        46        47       200       242
         1         4        46        47       200
         1         4         5        47       200
         1        48       201       243       244
         1        48       201       202       244
         1         6        48       201       202
         1        47        48       201       243
         1         5        47        48       201
         1         5         6        48       201
         1        49       202       244       245
         1        49       202       203       245
         1         7        49       202       203
         1        48        49       202       244
         1         6        48        49       202
         1         6         7        49       202
         1        43       203       239       245
         1        43       197       203       239
         1         1        43       197       203
         1        43        49       203       245
         1         7        43        49       203
         1         1         7        43       203
